0.000000 	 -0.275940 	 -0.275940 	 
0.100000 	 0.683070 	 0.683070 	 
0.200000 	 0.037993 	 0.037993 	 
0.300000 	 2.857600 	 2.857600 	 
0.400000 	 2.869800 	 2.869800 	 
0.500000 	 3.218300 	 3.218300 	 
0.600000 	 3.508400 	 3.508400 	 
0.700000 	 3.854200 	 3.854200 	 
0.800000 	 4.128100 	 4.128100 	 
0.900000 	 3.274900 	 3.274900 	 
1.000000 	 3.344400 	 3.344400 	 
1.100000 	 2.214000 	 2.214000 	 
1.200000 	 5.258300 	 5.258300 	 
1.300000 	 4.642500 	 4.642500 	 
1.400000 	 4.463200 	 4.463200 	 
1.500000 	 5.566200 	 5.566200 	 
1.600000 	 8.322400 	 8.322400 	 
1.700000 	 3.257900 	 3.257900 	 
1.800000 	 3.052600 	 3.052600 	 
1.900000 	 4.068400 	 4.068400 	 
2.000000 	 4.257900 	 4.257900 	 
2.100000 	 2.910700 	 2.910700 	 
2.200000 	 2.062300 	 2.062300 	 
2.300000 	 2.206100 	 2.206100 	 
2.400000 	 4.546000 	 4.546000 	 
2.500000 	 1.799500 	 1.799500 	 
2.600000 	 1.845300 	 1.845300 	 
2.700000 	 0.810960 	 0.810960 	 
2.800000 	 2.950800 	 2.950800 	 
2.900000 	 0.124140 	 0.124140 	 
3.000000 	 0.235530 	 0.235530 	 
3.100000 	 -2.103400 	 -2.103400 	 
3.200000 	 0.114450 	 0.114450 	 
3.300000 	 -1.283900 	 -1.283900 	 
3.400000 	 -1.315900 	 -1.315900 	 
3.500000 	 1.102400 	 1.102400 	 
3.600000 	 -3.172800 	 -3.172800 	 
3.700000 	 -0.992930 	 -0.992930 	 
3.800000 	 -3.172200 	 -3.172200 	 
3.900000 	 -1.763500 	 -1.763500 	 
4.000000 	 -4.533800 	 1.881248 	 
4.100000 	 -1.692800 	 1.821851 	 
4.200000 	 -5.885700 	 1.673759 	 
4.300000 	 -3.463600 	 1.515729 	 
4.400000 	 -4.026400 	 1.343324 	 
4.500000 	 -5.371500 	 1.128579 	 
4.600000 	 -4.459100 	 0.929391 	 
4.700000 	 -2.907800 	 0.760341 	 
4.800000 	 -4.961800 	 0.533094 	 
4.900000 	 -3.761900 	 0.357174 	 
5.000000 	 -3.987300 	 0.173881 	 
5.100000 	 -5.896500 	 -0.028881 	 
5.200000 	 -5.502600 	 -0.297904 	 
5.300000 	 -3.645200 	 -0.505096 	 
5.400000 	 -5.184600 	 -0.746291 	 
5.500000 	 -4.109600 	 -0.988186 	 
5.600000 	 -3.161000 	 -1.275271 	 
5.700000 	 -3.901000 	 -1.454244 	 
5.800000 	 -1.190800 	 -1.560329 	 
5.900000 	 -1.606100 	 -1.702191 	 
6.000000 	 -1.957200 	 -1.857569 	 
6.100000 	 -0.867010 	 -1.952012 	 
6.200000 	 -0.939910 	 -2.027067 	 
6.300000 	 0.167520 	 -2.078031 	 
6.400000 	 2.308700 	 -2.133964 	 
6.500000 	 -1.092100 	 -2.206254 	 
6.600000 	 -0.235520 	 -2.258274 	 
6.700000 	 1.855500 	 -2.232161 	 
6.800000 	 3.098500 	 -2.228468 	 
6.900000 	 2.750800 	 -2.162802 	 
7.000000 	 3.825700 	 -2.073047 	 
7.100000 	 3.466300 	 -1.933805 	 
7.200000 	 2.874100 	 -1.864814 	 
7.300000 	 4.074500 	 -1.730854 	 
7.400000 	 5.440700 	 -1.561939 	 
7.500000 	 5.438900 	 -1.453526 	 
7.600000 	 5.062700 	 -1.247639 	 
7.700000 	 4.102400 	 -1.120255 	 
7.800000 	 5.320300 	 -0.907943 	 
7.900000 	 4.809700 	 -0.743613 	 
8.000000 	 4.235300 	 -0.524385 	 
8.100000 	 4.234100 	 -0.376213 	 
8.200000 	 6.887000 	 -0.056896 	 
8.300000 	 5.805800 	 0.174839 	 
8.400000 	 4.891800 	 0.397794 	 
8.500000 	 5.289000 	 0.664307 	 
8.600000 	 3.916000 	 0.873684 	 
8.700000 	 2.109100 	 0.999107 	 
8.800000 	 2.079700 	 1.175144 	 
8.900000 	 0.335760 	 1.277586 	 
9.000000 	 1.727900 	 1.420465 	 
9.100000 	 2.291000 	 1.625153 	 
9.200000 	 0.484920 	 1.774841 	 
9.300000 	 0.096449 	 1.868382 	 
9.400000 	 0.447220 	 2.009178 	 
9.500000 	 -0.946460 	 2.088256 	 
9.600000 	 -2.175700 	 2.112889 	 
9.700000 	 -2.076600 	 2.158499 	 
9.800000 	 -1.358600 	 2.154304 	 
9.900000 	 -3.312900 	 2.111634 	 
10.000000 	 -2.279900 	 2.103567 	 
10.100000 	 -2.813200 	 2.054912 	 
10.200000 	 -2.455500 	 2.017022 	 
10.300000 	 -3.744500 	 1.919222 	 
10.400000 	 -3.147200 	 1.782824 	 
10.500000 	 -4.937100 	 1.686699 	 
10.600000 	 -3.620000 	 1.602087 	 
10.700000 	 -4.397500 	 1.445762 	 
10.800000 	 -6.535000 	 1.204925 	 
10.900000 	 -3.862800 	 1.039585 	 
11.000000 	 -5.137100 	 0.815515 	 
11.100000 	 -6.014400 	 0.578497 	 
11.200000 	 -4.283500 	 0.399557 	 
11.300000 	 -4.311100 	 0.189917 	 
11.400000 	 -4.266100 	 -0.052753 	 
11.500000 	 -4.862100 	 -0.310277 	 
11.600000 	 -3.453300 	 -0.523178 	 
11.700000 	 -5.147600 	 -0.754427 	 
11.800000 	 -4.097000 	 -0.989860 	 
11.900000 	 -1.332000 	 -1.143402 	 
12.000000 	 -3.051200 	 -1.325565 	 
12.100000 	 -0.982860 	 -1.455989 	 
12.200000 	 -1.487800 	 -1.665359 	 
12.300000 	 -1.868000 	 -1.857204 	 
12.400000 	 -1.142900 	 -2.008072 	 
12.500000 	 -0.358470 	 -2.149259 	 
12.600000 	 -0.337880 	 -2.255605 	 
12.700000 	 2.141900 	 -2.254786 	 
12.800000 	 0.262800 	 -2.300208 	 
12.900000 	 0.564890 	 -2.294480 	 
13.000000 	 2.552100 	 -2.273875 	 
13.100000 	 2.975700 	 -2.256757 	 
13.200000 	 4.256000 	 -2.162480 	 
13.300000 	 0.719650 	 -2.146900 	 
13.400000 	 3.524800 	 -2.069960 	 
13.500000 	 4.380200 	 -1.936794 	 
13.600000 	 3.370000 	 -1.798152 	 
13.700000 	 3.954500 	 -1.647374 	 
13.800000 	 5.423800 	 -1.477814 	 
13.900000 	 5.486700 	 -1.257824 	 
14.000000 	 5.236300 	 -1.069919 	 
14.100000 	 3.514200 	 -0.911734 	 
14.200000 	 5.624700 	 -0.709729 	 
14.300000 	 5.172500 	 -0.486804 	 
14.400000 	 6.507700 	 -0.245432 	 
14.500000 	 5.375100 	 0.012373 	 
14.600000 	 3.165600 	 0.182013 	 
14.700000 	 4.865800 	 0.413596 	 
14.800000 	 3.849500 	 0.673208 	 
14.900000 	 3.558000 	 0.858728 	 
15.000000 	 3.292500 	 1.069469 	 
15.100000 	 2.600000 	 1.284829 	 
15.200000 	 2.012100 	 1.442219 	 
15.300000 	 1.184200 	 1.579601 	 
15.400000 	 -0.215070 	 1.680877 	 
15.500000 	 1.770900 	 1.846702 	 
15.600000 	 -1.414600 	 1.897669 	 
15.700000 	 1.793100 	 2.071187 	 
15.800000 	 -1.094900 	 2.146239 	 
15.900000 	 -1.173800 	 2.150194 	 
16.000000 	 -1.876300 	 2.179567 	 
16.100000 	 -1.553400 	 2.165303 	 
16.200001 	 -2.381900 	 2.142951 	 
16.299999 	 -4.189800 	 2.084906 	 
16.400000 	 -5.514500 	 1.975616 	 
16.500000 	 -3.798300 	 1.889620 	 
16.600000 	 -4.035200 	 1.797187 	 
16.700001 	 -2.717500 	 1.675702 	 
16.799999 	 -4.864700 	 1.547514 	 
16.900000 	 -4.372000 	 1.424092 	 
17.000000 	 -4.189800 	 1.255544 	 
17.100000 	 -6.339400 	 1.022667 	 
17.200001 	 -4.248700 	 0.810049 	 
17.299999 	 -5.137800 	 0.663613 	 
17.400000 	 -6.172700 	 0.421176 	 
17.500000 	 -5.001600 	 0.186630 	 
17.600000 	 -5.236400 	 -0.028529 	 
17.700001 	 -2.324300 	 -0.185500 	 
17.799999 	 -4.633200 	 -0.436925 	 
17.900000 	 -3.388300 	 -0.658799 	 
18.000000 	 -2.585700 	 -0.854349 	 
18.100000 	 -2.019100 	 -0.992682 	 
18.200001 	 -4.509300 	 -1.246032 	 
18.299999 	 -3.280400 	 -1.457354 	 
18.400000 	 -3.867700 	 -1.716739 	 
18.500000 	 -1.788800 	 -1.895837 	 
18.600000 	 -0.378370 	 -1.984436 	 
18.700001 	 -0.446570 	 -2.117245 	 
18.799999 	 -1.329400 	 -2.246718 	 
18.900000 	 2.079700 	 -2.283675 	 
19.000000 	 0.140100 	 -2.362485 	 
19.100000 	 2.668600 	 -2.360770 	 
19.200001 	 1.724200 	 -2.367968 	 
19.299999 	 3.167800 	 -2.318378 	 
19.400000 	 3.404200 	 -2.227896 	 
19.500000 	 6.331900 	 -2.113871 	 
19.600000 	 3.547100 	 -1.989828 	 
19.700001 	 3.088600 	 -1.957441 	 
19.799999 	 5.342200 	 -1.796513 	 
19.900000 	 4.020200 	 -1.666664 	 
20.000000 	 4.160300 	 -1.515748 	 
20.100000 	 4.485600 	 -1.364774 	 
20.200001 	 4.663300 	 -1.188643 	 
20.299999 	 5.339700 	 -0.950406 	 
20.400000 	 5.863800 	 -0.665949 	 
20.500000 	 3.875300 	 -0.474108 	 
20.600000 	 5.684300 	 -0.231121 	 
20.700001 	 3.888900 	 -0.065961 	 
20.799999 	 3.763200 	 0.149736 	 
20.900000 	 1.259900 	 0.290534 	 
21.000000 	 4.380700 	 0.504796 	 
21.100000 	 4.789900 	 0.783029 	 
21.200001 	 3.630200 	 0.980001 	 
21.299999 	 3.276400 	 1.190356 	 
21.400000 	 2.775800 	 1.414069 	 
21.500000 	 3.067200 	 1.615789 	 
21.600000 	 2.686000 	 1.813849 	 
21.700001 	 1.760400 	 1.915966 	 
21.799999 	 0.956230 	 2.055702 	 
21.900000 	 -1.009100 	 2.115182 	 
22.000000 	 0.617630 	 2.195265 	 
22.100000 	 -1.901500 	 2.198205 	 
22.200001 	 -1.595800 	 2.271043 	 
22.299999 	 -2.566100 	 2.288900 	 
22.400000 	 -1.452600 	 2.349278 	 
22.500000 	 -3.729500 	 2.300760 	 
22.600000 	 -3.075100 	 2.233342 	 
22.700001 	 -2.795000 	 2.174631 	 
22.799999 	 -2.601100 	 2.142839 	 
22.900000 	 -4.615600 	 1.975456 	 
23.000000 	 -4.095300 	 1.869571 	 
23.100000 	 -5.150300 	 1.674099 	 
23.200001 	 -5.920700 	 1.482977 	 
23.299999 	 -4.030900 	 1.303009 	 
23.400000 	 -4.525900 	 1.104756 	 
23.500000 	 -4.094800 	 0.844089 	 
23.600000 	 -5.647700 	 0.614219 	 
23.700001 	 -3.896300 	 0.439597 	 
23.799999 	 -6.031900 	 0.155244 	 
23.900000 	 -4.386300 	 -0.054919 	 
24.000000 	 -4.142000 	 -0.262476 	 
24.100000 	 -6.010900 	 -0.524888 	 
24.200001 	 -3.235700 	 -0.722363 	 
24.299999 	 -2.083300 	 -0.907938 	 
24.400000 	 -2.105000 	 -1.107158 	 
24.500000 	 -2.998700 	 -1.279008 	 
24.600000 	 -2.260300 	 -1.477623 	 
24.700001 	 -2.434500 	 -1.635708 	 
24.799999 	 -2.538900 	 -1.793261 	 
24.900000 	 -1.798100 	 -1.869711 	 
25.000000 	 -0.296400 	 -1.986638 	 
25.100000 	 -0.381210 	 -2.115916 	 
25.200001 	 2.489100 	 -2.144444 	 
25.299999 	 1.265500 	 -2.194716 	 
25.400000 	 1.726000 	 -2.220961 	 
25.500000 	 1.562000 	 -2.258591 	 
25.600000 	 2.177500 	 -2.271304 	 
25.700001 	 1.757800 	 -2.271369 	 
25.799999 	 4.366800 	 -2.186104 	 
25.900000 	 2.438900 	 -2.099904 	 
26.000000 	 3.426800 	 -2.029675 	 
26.100000 	 3.461700 	 -1.895595 	 
26.200001 	 5.973900 	 -1.706353 	 
26.299999 	 5.484900 	 -1.505078 	 
26.400000 	 4.517600 	 -1.355823 	 
26.500000 	 4.864200 	 -1.140980 	 
26.600000 	 5.376500 	 -0.929690 	 
26.700001 	 4.497100 	 -0.747388 	 
26.799999 	 4.203600 	 -0.577270 	 
26.900000 	 5.755200 	 -0.318000 	 
27.000000 	 5.261200 	 -0.084088 	 
27.100000 	 5.065600 	 0.171309 	 
27.200001 	 5.652400 	 0.460637 	 
27.299999 	 3.045200 	 0.637539 	 
27.400000 	 4.425700 	 0.861329 	 
27.500000 	 4.655800 	 1.080094 	 
27.600000 	 4.584100 	 1.335889 	 
27.700001 	 2.878200 	 1.505252 	 
27.799999 	 2.190500 	 1.710812 	 
27.900000 	 2.569600 	 1.884709 	 
28.000000 	 0.588540 	 2.002973 	 
28.100000 	 -1.431100 	 2.117468 	 
28.200001 	 0.795160 	 2.218239 	 
28.299999 	 -0.538330 	 2.256864 	 
28.400000 	 -0.909520 	 2.286751 	 
28.500000 	 -1.296100 	 2.329316 	 
28.600000 	 -1.426700 	 2.350156 	 
28.700001 	 -1.578500 	 2.371556 	 
28.799999 	 -3.537400 	 2.346593 	 
28.900000 	 -3.253900 	 2.310198 	 
29.000000 	 -4.216000 	 2.212208 	 
29.100000 	 -3.590600 	 2.131974 	 
29.200001 	 -5.064900 	 1.943124 	 
29.299999 	 -5.393400 	 1.776651 	 
29.400000 	 -4.967500 	 1.609314 	 
29.500000 	 -4.693400 	 1.452929 	 
29.600000 	 -5.802100 	 1.253439 	 
29.700001 	 -5.118000 	 1.081544 	 
29.799999 	 -5.471100 	 0.835596 	 
29.900000 	 -4.251400 	 0.668339 	 
30.000000 	 -4.278300 	 0.475711 	 
30.100000 	 -3.594600 	 0.299304 	 
30.200001 	 -6.298000 	 -0.007494 	 
30.299999 	 -5.916200 	 -0.292521 	 
30.400000 	 -2.286300 	 -0.462619 	 
30.500000 	 -4.598000 	 -0.699174 	 
30.600000 	 -3.551500 	 -0.922374 	 
30.700001 	 -2.654000 	 -1.101152 	 
30.799999 	 -2.971600 	 -1.280532 	 
30.900000 	 -3.955900 	 -1.523309 	 
31.000000 	 -2.091200 	 -1.707119 	 
31.100000 	 -2.045300 	 -1.884892 	 
31.200001 	 0.880040 	 -2.004200 	 
31.299999 	 1.060700 	 -2.053813 	 
31.400000 	 0.260180 	 -2.157951 	 
31.500000 	 -0.185890 	 -2.278993 	 
31.600000 	 1.018100 	 -2.368143 	 
31.700001 	 1.641300 	 -2.399065 	 
31.799999 	 0.792500 	 -2.434016 	 
31.900000 	 3.258500 	 -2.416793 	 
32.000000 	 2.586000 	 -2.366857 	 
32.099998 	 1.740300 	 -2.287571 	 
32.200001 	 2.532500 	 -2.244138 	 
32.299999 	 4.984300 	 -2.106072 	 
32.400002 	 4.082700 	 -1.981267 	 
32.500000 	 5.866900 	 -1.802191 	 
32.599998 	 4.171200 	 -1.662244 	 
32.700001 	 4.880500 	 -1.500769 	 
32.799999 	 2.820400 	 -1.341824 	 
32.900002 	 5.251300 	 -1.129194 	 
33.000000 	 3.281700 	 -0.941752 	 
33.099998 	 3.913400 	 -0.754152 	 
33.200001 	 5.246100 	 -0.496377 	 
33.299999 	 6.405900 	 -0.201394 	 
33.400002 	 4.421000 	 0.033318 	 
33.500000 	 4.353800 	 0.259498 	 
33.599998 	 5.288100 	 0.536753 	 
33.700001 	 3.944200 	 0.763308 	 
33.799999 	 3.335400 	 0.983471 	 
33.900002 	 2.905500 	 1.162393 	 
34.000000 	 1.935200 	 1.317731 	 
34.099998 	 2.664700 	 1.474213 	 
34.200001 	 1.498200 	 1.669118 	 
34.299999 	 1.391000 	 1.851798 	 
34.400002 	 2.340500 	 1.967468 	 
34.500000 	 -0.584690 	 2.067801 	 
34.599998 	 -0.767400 	 2.137403 	 
34.700001 	 -0.272310 	 2.196946 	 
34.799999 	 -0.782430 	 2.251675 	 
34.900002 	 -1.428200 	 2.314867 	 
35.000000 	 -0.358660 	 2.358181 	 
35.099998 	 -3.522500 	 2.321251 	 
35.200001 	 -3.232200 	 2.218445 	 
35.299999 	 -3.976500 	 2.092515 	 
35.400002 	 -4.550900 	 1.972238 	 
35.500000 	 -4.428100 	 1.866183 	 
35.599998 	 -2.427000 	 1.780055 	 
35.700001 	 -5.308500 	 1.606310 	 
35.799999 	 -4.304400 	 1.478888 	 
35.900002 	 -6.140200 	 1.243920 	 
36.000000 	 -5.826900 	 1.033598 	 
36.099998 	 -4.102300 	 0.887533 	 
36.200001 	 -5.542500 	 0.685658 	 
36.299999 	 -5.246900 	 0.429878 	 
36.400002 	 -5.402200 	 0.192755 	 
36.500000 	 -3.536500 	 -0.042330 	 
36.599998 	 -6.227300 	 -0.302292 	 
36.700001 	 -3.982500 	 -0.523867 	 
36.799999 	 -4.584500 	 -0.708990 	 
36.900002 	 -3.095000 	 -0.917647 	 
37.000000 	 -4.845900 	 -1.120837 	 
37.099998 	 -1.021800 	 -1.244217 	 
37.200001 	 -2.802500 	 -1.445432 	 
37.299999 	 0.096356 	 -1.603171 	 
37.400002 	 -2.145500 	 -1.767333 	 
37.500000 	 -1.938400 	 -1.924638 	 
37.599998 	 -0.193530 	 -2.061679 	 
37.700001 	 -0.998040 	 -2.185235 	 
37.799999 	 0.806130 	 -2.248467 	 
37.900002 	 1.439800 	 -2.285109 	 
38.000000 	 1.905400 	 -2.285855 	 
38.099998 	 2.050600 	 -2.301207 	 
38.200001 	 2.357100 	 -2.279734 	 
38.299999 	 2.070500 	 -2.262747 	 
38.400002 	 2.562200 	 -2.257205 	 
38.500000 	 5.209100 	 -2.112360 	 
38.599998 	 1.809700 	 -2.047932 	 
38.700001 	 3.226600 	 -1.960459 	 
38.799999 	 4.766800 	 -1.821728 	 
38.900002 	 5.109400 	 -1.658289 	 
39.000000 	 4.316200 	 -1.541417 	 
39.099998 	 5.212300 	 -1.323047 	 
39.200001 	 4.707700 	 -1.124550 	 
39.299999 	 5.924500 	 -0.877025 	 
39.400002 	 5.360900 	 -0.629230 	 
39.500000 	 4.358500 	 -0.409565 	 
39.599998 	 2.465800 	 -0.287245 	 
39.700001 	 4.958200 	 -0.030577 	 
39.799999 	 6.371000 	 0.236308 	 
39.900002 	 4.537400 	 0.503248 	 
40.000000 	 3.426300 	 0.734578 	 
40.099998 	 5.014600 	 0.962501 	 
40.200001 	 3.123500 	 1.179151 	 
40.299999 	 4.298100 	 1.417776 	 
40.400002 	 2.412200 	 1.613136 	 
40.500000 	 2.349100 	 1.760276 	 
40.599998 	 2.845300 	 1.987091 	 
40.700001 	 1.477000 	 2.123578 	 
40.799999 	 2.668300 	 2.304898 	 
40.900002 	 -1.522100 	 2.344221 	 
41.000000 	 -2.053200 	 2.414038 	 
41.099998 	 -0.070222 	 2.437828 	 
41.200001 	 -2.246400 	 2.451730 	 
41.299999 	 -2.163100 	 2.395244 	 
41.400002 	 -1.677600 	 2.406941 	 
41.500000 	 -2.772800 	 2.386081 	 
41.599998 	 -3.516100 	 2.303017 	 
41.700001 	 -3.350800 	 2.244198 	 
41.799999 	 -5.098600 	 2.096579 	 
41.900002 	 -4.407900 	 1.950387 	 
42.000000 	 -3.330700 	 1.819484 	 
42.099998 	 -4.417200 	 1.657789 	 
42.200001 	 -2.201000 	 1.543837 	 
42.299999 	 -3.757800 	 1.398129 	 
42.400002 	 -3.252100 	 1.252772 	 
42.500000 	 -4.758000 	 1.003595 	 
42.599998 	 -6.140100 	 0.804850 	 
42.700001 	 -5.463700 	 0.587592 	 
42.799999 	 -3.110200 	 0.390667 	 
42.900002 	 -5.414800 	 0.127562 	 
43.000000 	 -3.266100 	 -0.061996 	 
43.099998 	 -3.246500 	 -0.273466 	 
43.200001 	 -4.514300 	 -0.504016 	 
43.299999 	 -2.179600 	 -0.706618 	 
43.400002 	 -3.958600 	 -0.939606 	 
43.500000 	 -2.138300 	 -1.102026 	 
43.599998 	 -2.749100 	 -1.232398 	 
43.700001 	 -1.116700 	 -1.384271 	 
43.799999 	 -1.025600 	 -1.569185 	 
43.900002 	 -1.887800 	 -1.729815 	 
44.000000 	 1.155200 	 -1.786593 	 
44.099998 	 1.680300 	 -1.869951 	 
44.200001 	 1.506300 	 -1.910381 	 
44.299999 	 1.233700 	 -1.986991 	 
44.400002 	 0.136830 	 -2.043875 	 
44.500000 	 1.605100 	 -2.062475 	 
44.599998 	 3.196200 	 -2.053702 	 
44.700001 	 3.416700 	 -2.005210 	 
44.799999 	 3.604900 	 -1.981795 	 
44.900002 	 4.119500 	 -1.840755 	 
45.000000 	 5.419500 	 -1.653937 	 
45.099998 	 5.455600 	 -1.515792 	 
45.200001 	 3.060100 	 -1.383129 	 
45.299999 	 4.843800 	 -1.207957 	 
45.400002 	 2.917700 	 -1.093074 	 
45.500000 	 6.998300 	 -0.848797 	 
45.599998 	 6.572800 	 -0.596574 	 
45.700001 	 6.206300 	 -0.357647 	 
45.799999 	 5.146700 	 -0.101514 	 
45.900002 	 5.431000 	 0.144459 	 
46.000000 	 4.152700 	 0.331543 	 
46.099998 	 5.278300 	 0.573931 	 
46.200001 	 3.616600 	 0.719371 	 
46.299999 	 2.098800 	 0.865786 	 
46.400002 	 4.218100 	 1.052541 	 
46.500000 	 4.539100 	 1.284968 	 
46.599998 	 3.073300 	 1.515303 	 
46.700001 	 -0.623910 	 1.636298 	 
46.799999 	 2.537900 	 1.777501 	 
46.900002 	 3.403800 	 1.997966 	 
47.000000 	 -1.448200 	 2.043413 	 
47.099998 	 1.686400 	 2.166735 	 
47.200001 	 0.706670 	 2.297260 	 
47.299999 	 -1.846800 	 2.305580 	 
47.400002 	 -1.980900 	 2.355022 	 
47.500000 	 -4.159000 	 2.304505 	 
47.599998 	 0.177950 	 2.377681 	 
47.700001 	 -3.879000 	 2.308624 	 
47.799999 	 -3.103800 	 2.256669 	 
47.900002 	 -3.874200 	 2.207009 	 
48.000000 	 -3.550600 	 2.089364 	 
48.099998 	 -4.070400 	 1.945596 	 
48.200001 	 -5.806000 	 1.762789 	 
48.299999 	 -4.623400 	 1.616361 	 
48.400002 	 -4.783800 	 1.493345 	 
48.500000 	 -5.284000 	 1.321118 	 
48.599998 	 -4.682700 	 1.124145 	 
48.700001 	 -5.743000 	 0.895153 	 
48.799999 	 -6.175400 	 0.650645 	 
48.900002 	 -5.236100 	 0.416755 	 
49.000000 	 -5.426100 	 0.145616 	 
49.099998 	 -5.895000 	 -0.138149 	 
49.200001 	 -3.661000 	 -0.306177 	 
49.299999 	 -4.440100 	 -0.538274 	 
49.400002 	 -3.314700 	 -0.694085 	 
49.500000 	 -3.814100 	 -0.964395 	 
49.599998 	 -2.666900 	 -1.195387 	 
49.700001 	 -2.050600 	 -1.401809 	 
49.799999 	 -2.188400 	 -1.585187 	 
49.900002 	 -3.015100 	 -1.796339 	 
50.000000 	 -1.614000 	 -1.940507 	 
50.099998 	 -1.843200 	 -2.118544 	 
50.200001 	 0.159280 	 -2.204977 	 
50.299999 	 -0.242080 	 -2.263499 	 
50.400002 	 -0.053134 	 -2.370280 	 
50.500000 	 1.749300 	 -2.440025 	 
50.599998 	 2.564600 	 -2.452743 	 
50.700001 	 0.939790 	 -2.413650 	 
50.799999 	 2.526100 	 -2.413945 	 
50.900002 	 3.494200 	 -2.411685 	 
51.000000 	 3.273900 	 -2.293633 	 
51.099998 	 5.560500 	 -2.196781 	 
51.200001 	 3.753200 	 -2.120617 	 
51.299999 	 4.900100 	 -1.951945 	 
51.400002 	 3.320900 	 -1.819400 	 
51.500000 	 4.022100 	 -1.614873 	 
51.599998 	 5.300500 	 -1.486809 	 
51.700001 	 5.609800 	 -1.249589 	 
51.799999 	 5.291000 	 -1.039718 	 
51.900002 	 7.161600 	 -0.763824 	 
52.000000 	 4.427400 	 -0.564374 	 
52.099998 	 4.261700 	 -0.356071 	 
52.200001 	 5.706500 	 -0.068259 	 
52.299999 	 3.651000 	 0.138601 	 
52.400002 	 6.442900 	 0.419269 	 
52.500000 	 3.380300 	 0.635876 	 
52.599998 	 3.305600 	 0.835584 	 
52.700001 	 4.376900 	 1.088581 	 
52.799999 	 2.068300 	 1.294674 	 
52.900002 	 3.365200 	 1.509706 	 
53.000000 	 2.771700 	 1.714651 	 
53.099998 	 0.436810 	 1.872947 	 
53.200001 	 1.862000 	 2.011022 	 
53.299999 	 0.876110 	 2.143927 	 
53.400002 	 -0.520490 	 2.213782 	 
53.500000 	 -1.094600 	 2.281770 	 
53.599998 	 -0.939620 	 2.324952 	 
53.700001 	 -1.200400 	 2.346207 	 
53.799999 	 -2.741000 	 2.332392 	 
53.900002 	 -2.050100 	 2.356517 	 
54.000000 	 -2.917100 	 2.323939 	 
54.099998 	 -4.033400 	 2.269184 	 
54.200001 	 -4.579800 	 2.150707 	 
54.299999 	 -4.457900 	 2.045311 	 
54.400002 	 -4.993100 	 1.921812 	 
54.500000 	 -3.367400 	 1.793895 	 
54.599998 	 -5.783900 	 1.585182 	 
54.700001 	 -4.675000 	 1.444813 	 
54.799999 	 -4.400600 	 1.271645 	 
54.900002 	 -5.953700 	 1.035448 	 
55.000000 	 -4.630100 	 0.837848 	 
55.099998 	 -5.445900 	 0.562688 	 
55.200001 	 -5.760100 	 0.324855 	 
55.299999 	 -6.203500 	 0.047265 	 
55.400002 	 -5.510700 	 -0.173525 	 
55.500000 	 -2.618300 	 -0.339535 	 
55.599998 	 -5.634200 	 -0.612902 	 
55.700001 	 -4.405100 	 -0.863275 	 
55.799999 	 -4.558200 	 -1.109505 	 
55.900002 	 -2.259300 	 -1.345028 	 
56.000000 	 -3.525800 	 -1.543858 	 
56.099998 	 -2.612500 	 -1.715713 	 
56.200001 	 -0.985540 	 -1.883013 	 
56.299999 	 -0.299350 	 -1.981772 	 
56.400002 	 -1.833400 	 -2.188679 	 
56.500000 	 -0.434990 	 -2.284062 	 
56.599998 	 0.634830 	 -2.350832 	 
56.700001 	 0.743020 	 -2.441678 	 
56.799999 	 3.112300 	 -2.415578 	 
56.900002 	 3.015700 	 -2.424316 	 
57.000000 	 3.513900 	 -2.405761 	 
57.099998 	 0.565100 	 -2.402554 	 
57.200001 	 2.679600 	 -2.382114 	 
57.299999 	 3.173500 	 -2.324679 	 
57.400002 	 2.674100 	 -2.244814 	 
57.500000 	 3.280600 	 -2.135434 	 
57.599998 	 5.065900 	 -1.985296 	 
57.700001 	 3.169400 	 -1.876051 	 
57.799999 	 5.917500 	 -1.659588 	 
57.900002 	 6.543400 	 -1.444751 	 
58.000000 	 4.977600 	 -1.247383 	 
58.099998 	 6.797000 	 -0.976623 	 
58.200001 	 6.590800 	 -0.697358 	 
58.299999 	 4.997500 	 -0.460973 	 
58.400002 	 4.404400 	 -0.226036 	 
58.500000 	 5.494400 	 -0.004491 	 
58.599998 	 3.769300 	 0.234339 	 
58.700001 	 4.004500 	 0.451327 	 
58.799999 	 5.086800 	 0.688512 	 
58.900002 	 2.542100 	 0.900907 	 
59.000000 	 2.486300 	 1.078817 	 
59.099998 	 3.660700 	 1.306482 	 
59.200001 	 0.516360 	 1.463394 	 
59.299999 	 2.832900 	 1.689304 	 
59.400002 	 1.335700 	 1.860464 	 
59.500000 	 0.797680 	 1.945863 	 
59.599998 	 0.296810 	 2.094139 	 
59.700001 	 -0.436420 	 2.193355 	 
59.799999 	 -0.603280 	 2.292228 	 
59.900002 	 -1.503700 	 2.311118 	 
60.000000 	 -2.312800 	 2.341444 	 
60.099998 	 -0.982290 	 2.382199 	 
60.200001 	 -2.443100 	 2.345760 	 
60.299999 	 -2.406300 	 2.293086 	 
60.400002 	 -2.693200 	 2.271591 	 
60.500000 	 -3.793500 	 2.187628 	 
60.599998 	 -4.305600 	 2.064117 	 
60.700001 	 -3.802500 	 1.950479 	 
60.799999 	 -4.781100 	 1.753144 	 
60.900002 	 -4.159000 	 1.573777 	 
61.000000 	 -5.919800 	 1.337934 	 
61.099998 	 -4.906200 	 1.201152 	 
61.200001 	 -4.871400 	 1.012377 	 
61.299999 	 -3.616800 	 0.842619 	 
61.400002 	 -3.203700 	 0.695674 	 
61.500000 	 -5.084500 	 0.486547 	 
61.599998 	 -5.387500 	 0.225212 	 
61.700001 	 -5.571400 	 0.006692 	 
61.799999 	 -4.866400 	 -0.262906 	 
61.900002 	 -4.011100 	 -0.526769 	 
62.000000 	 -4.942300 	 -0.774766 	 
62.099998 	 -3.818400 	 -1.040151 	 
62.200001 	 -2.402000 	 -1.264971 	 
62.299999 	 -1.110800 	 -1.417679 	 
62.400002 	 -1.110800 	 -1.555558 	 
62.500000 	 -2.263800 	 -1.749513 	 
62.599998 	 -3.148000 	 -1.922446 	 
62.700001 	 -1.055600 	 -2.048949 	 
62.799999 	 0.190050 	 -2.171367 	 
62.900002 	 0.390590 	 -2.225155 	 
63.000000 	 0.231620 	 -2.281522 	 
63.099998 	 0.761610 	 -2.353999 	 
63.200001 	 2.242500 	 -2.310846 	 
63.299999 	 3.641100 	 -2.290641 	 
63.400002 	 3.317100 	 -2.241106 	 
63.500000 	 0.907120 	 -2.238370 	 
63.599998 	 2.632800 	 -2.179970 	 
63.700001 	 2.737700 	 -2.100617 	 
63.799999 	 3.211500 	 -2.005248 	 
63.900002 	 5.767300 	 -1.823473 	 
64.000000 	 4.963100 	 -1.641575 	 
64.099998 	 4.796700 	 -1.497100 	 
64.199997 	 4.778300 	 -1.316565 	 
64.300003 	 3.073700 	 -1.179565 	 
64.400002 	 4.705400 	 -0.994600 	 
64.500000 	 4.366400 	 -0.790603 	 
64.599998 	 4.739400 	 -0.564478 	 
64.699997 	 3.984400 	 -0.369805 	 
64.800003 	 5.272500 	 -0.118465 	 
64.900002 	 4.067500 	 0.087197 	 
65.000000 	 4.385600 	 0.344832 	 
65.099998 	 4.411200 	 0.577767 	 
65.199997 	 3.525800 	 0.787697 	 
65.300003 	 3.148900 	 0.956840 	 
65.400002 	 3.625100 	 1.127560 	 
65.500000 	 3.209100 	 1.334900 	 
65.599998 	 0.559750 	 1.483581 	 
65.699997 	 0.078394 	 1.624826 	 
65.800003 	 2.222000 	 1.802036 	 
65.900002 	 0.089518 	 1.904551 	 
66.000000 	 0.034930 	 2.028982 	 
66.099998 	 -0.401010 	 2.114417 	 
66.199997 	 -1.366000 	 2.140316 	 
66.300003 	 -1.472700 	 2.131269 	 
66.400002 	 -2.460600 	 2.097524 	 
66.500000 	 -1.434700 	 2.118252 	 
66.599998 	 -2.361800 	 2.137907 	 
66.699997 	 -4.079700 	 2.062304 	 
66.800003 	 -3.014500 	 1.982190 	 
66.900002 	 -5.309500 	 1.839688 	 
67.000000 	 -5.443600 	 1.697808 	 
67.099998 	 -5.716500 	 1.535855 	 
67.199997 	 -4.912700 	 1.356975 	 
67.300003 	 -4.352400 	 1.157138 	 
67.400002 	 -4.022700 	 0.973643 	 
67.500000 	 -5.569200 	 0.811734 	 
67.599998 	 -5.797500 	 0.600977 	 
67.699997 	 -4.765000 	 0.413410 	 
67.800003 	 -4.197200 	 0.228192 	 
67.900002 	 -5.825400 	 -0.061626 	 
68.000000 	 -4.903200 	 -0.308283 	 
68.099998 	 -4.166100 	 -0.532353 	 
68.199997 	 -4.407500 	 -0.761998 	 
68.300003 	 -3.875100 	 -0.935718 	 
68.400002 	 -3.800900 	 -1.148376 	 
68.500000 	 -1.248200 	 -1.288741 	 
68.599998 	 -4.281400 	 -1.514261 	 
68.699997 	 -1.913700 	 -1.661713 	 
68.800003 	 0.230240 	 -1.787770 	 
68.900002 	 -1.417000 	 -1.924882 	 
69.000000 	 -0.368560 	 -2.043736 	 
69.099998 	 -2.096200 	 -2.206421 	 
69.199997 	 -1.199300 	 -2.324549 	 
69.300003 	 -0.554430 	 -2.417132 	 
69.400002 	 2.972500 	 -2.433447 	 
69.500000 	 2.650200 	 -2.447419 	 
69.599998 	 1.808000 	 -2.416213 	 
69.699997 	 3.021300 	 -2.342641 	 
69.800003 	 5.066300 	 -2.271533 	 
69.900002 	 2.668600 	 -2.207056 	 
70.000000 	 4.347100 	 -2.099252 	 
70.099998 	 4.979800 	 -1.964731 	 
70.199997 	 3.195800 	 -1.850686 	 
70.300003 	 3.406900 	 -1.728696 	 
70.400002 	 5.142300 	 -1.538624 	 
70.500000 	 5.521200 	 -1.364726 	 
70.599998 	 3.551700 	 -1.216889 	 
70.699997 	 6.073700 	 -0.963054 	 
70.800003 	 4.542900 	 -0.774119 	 
70.900002 	 3.047700 	 -0.565189 	 
71.000000 	 4.981200 	 -0.304569 	 
71.099998 	 5.870900 	 -0.014883 	 
71.199997 	 4.088600 	 0.210149 	 
71.300003 	 5.491900 	 0.456256 	 
71.400002 	 4.528900 	 0.670046 	 
71.500000 	 2.075200 	 0.861156 	 
71.599998 	 2.205700 	 1.061236 	 
71.699997 	 2.596200 	 1.245266 	 
71.800003 	 3.399500 	 1.435184 	 
71.900002 	 2.255900 	 1.637216 	 
72.000000 	 -0.128440 	 1.756585 	 
72.099998 	 2.159600 	 1.914728 	 
72.199997 	 0.475710 	 2.036808 	 
72.300003 	 0.649860 	 2.149932 	 
72.400002 	 -1.300100 	 2.212452 	 
72.500000 	 -2.217400 	 2.188222 	 
72.599998 	 -2.657500 	 2.228820 	 
72.699997 	 -1.057900 	 2.250215 	 
72.800003 	 -4.614100 	 2.129106 	 
72.900002 	 -2.976000 	 2.090131 	 
73.000000 	 -3.964500 	 2.000233 	 
73.099998 	 -4.183600 	 1.948048 	 
73.199997 	 -4.621700 	 1.862488 	 
73.300003 	 -4.599100 	 1.761371 	 
73.400002 	 -4.307500 	 1.579371 	 
73.500000 	 -5.451500 	 1.376828 	 
73.599998 	 -5.811300 	 1.186346 	 
73.699997 	 -6.448500 	 0.949601 	 
73.800003 	 -6.073200 	 0.671113 	 
73.900002 	 -3.645100 	 0.513271 	 
74.000000 	 -5.376100 	 0.270190 	 
74.099998 	 -6.401600 	 -0.014345 	 
74.199997 	 -5.542800 	 -0.232809 	 
74.300003 	 -4.146200 	 -0.421637 	 
74.400002 	 -4.315100 	 -0.658072 	 
74.500000 	 -3.844100 	 -0.892205 	 
74.599998 	 -3.933000 	 -1.079322 	 
74.699997 	 -1.884300 	 -1.278272 	 
74.800003 	 -3.529000 	 -1.480069 	 
74.900002 	 -3.189400 	 -1.635997 	 
75.000000 	 -3.794000 	 -1.855377 	 
75.099998 	 -1.624400 	 -2.042759 	 
75.199997 	 -1.320700 	 -2.177992 	 
75.300003 	 0.050078 	 -2.314038 	 
75.400002 	 -0.547640 	 -2.440951 	 
75.500000 	 -0.654610 	 -2.509197 	 
75.599998 	 -0.971270 	 -2.588621 	 
75.699997 	 4.337900 	 -2.545078 	 
75.800003 	 2.337000 	 -2.571640 	 
75.900002 	 4.453000 	 -2.516713 	 
76.000000 	 3.241300 	 -2.432469 	 
76.099998 	 1.763300 	 -2.442377 	 
76.199997 	 4.588400 	 -2.339560 	 
76.300003 	 3.501500 	 -2.268268 	 
76.400002 	 5.428100 	 -2.100063 	 
76.500000 	 5.489900 	 -1.907381 	 
76.599998 	 5.330700 	 -1.707676 	 
76.699997 	 5.172300 	 -1.551921 	 
76.800003 	 4.724600 	 -1.318454 	 
76.900002 	 6.824100 	 -1.073451 	 
77.000000 	 4.864800 	 -0.852719 	 
77.099998 	 3.735000 	 -0.654754 	 
77.199997 	 3.603200 	 -0.449131 	 
77.300003 	 4.873500 	 -0.212316 	 
77.400002 	 3.722700 	 -0.011561 	 
77.500000 	 2.700200 	 0.192232 	 
77.599998 	 3.699600 	 0.430004 	 
77.699997 	 4.363100 	 0.700294 	 
77.800003 	 4.335000 	 0.960499 	 
77.900002 	 2.905700 	 1.124269 	 
78.000000 	 1.840000 	 1.304672 	 
78.099998 	 1.631900 	 1.505509 	 
78.199997 	 0.183940 	 1.648678 	 
78.300003 	 1.407500 	 1.787520 	 
78.400002 	 -0.074548 	 1.893534 	 
78.500000 	 -0.438100 	 1.978684 	 
78.599998 	 -0.776150 	 2.057605 	 
78.699997 	 -1.071200 	 2.077933 	 
78.800003 	 -0.914850 	 2.143286 	 
78.900002 	 -1.814400 	 2.177661 	 
79.000000 	 -1.001400 	 2.247476 	 
79.099998 	 -3.046000 	 2.211936 	 
79.199997 	 -2.519100 	 2.181977 	 
79.300003 	 -4.570400 	 2.066464 	 
79.400002 	 -4.992500 	 1.955343 	 
79.500000 	 -6.009600 	 1.821468 	 
79.599998 	 -4.897700 	 1.723307 	 
79.699997 	 -4.641200 	 1.498830 	 
79.800003 	 -5.017700 	 1.314962 	 
79.900002 	 -4.536400 	 1.090227 	 
80.000000 	 -4.694100 	 0.891842 	 
80.099998 	 -6.068100 	 0.696057 	 
80.199997 	 -3.369700 	 0.497105 	 
80.300003 	 -3.836700 	 0.313650 	 
80.400002 	 -4.085200 	 0.075817 	 
80.500000 	 -5.003200 	 -0.186511 	 
80.599998 	 -2.967800 	 -0.393973 	 
80.699997 	 -3.478500 	 -0.610243 	 
80.800003 	 -2.696700 	 -0.795776 	 
80.900002 	 -4.269700 	 -1.073121 	 
81.000000 	 -1.937900 	 -1.243188 	 
81.099998 	 -2.939100 	 -1.410040 	 
81.199997 	 -3.030800 	 -1.575890 	 
81.300003 	 -2.871500 	 -1.769515 	 
81.400002 	 -2.111300 	 -1.915365 	 
81.500000 	 -2.510300 	 -2.045628 	 
81.599998 	 -1.014500 	 -2.163480 	 
81.699997 	 -0.866830 	 -2.294228 	 
81.800003 	 1.488700 	 -2.365386 	 
81.900002 	 2.608100 	 -2.372826 	 
82.000000 	 1.036800 	 -2.392906 	 
82.099998 	 1.894600 	 -2.386338 	 
82.199997 	 1.544900 	 -2.352314 	 
82.300003 	 3.936700 	 -2.289084 	 
82.400002 	 1.925500 	 -2.239083 	 
82.500000 	 5.023300 	 -2.102548 	 
82.599998 	 4.620000 	 -1.967644 	 
82.699997 	 2.348100 	 -1.882162 	 
82.800003 	 3.948100 	 -1.760588 	 
82.900002 	 4.285300 	 -1.608096 	 
83.000000 	 5.366900 	 -1.448888 	 
83.099998 	 6.181500 	 -1.218201 	 
83.199997 	 4.924900 	 -1.032101 	 
83.300003 	 4.421400 	 -0.807306 	 
83.400002 	 2.351800 	 -0.623698 	 
83.500000 	 4.235200 	 -0.367578 	 
83.599998 	 5.816300 	 -0.099728 	 
83.699997 	 3.769000 	 0.110527 	 
83.800003 	 4.856200 	 0.357374 	 
83.900002 	 4.367000 	 0.579959 	 
84.000000 	 2.128800 	 0.750532 	 
84.099998 	 3.069000 	 0.978959 	 
84.199997 	 3.760300 	 1.157209 	 
84.300003 	 2.979200 	 1.327607 	 
84.400002 	 2.690800 	 1.497007 	 
84.500000 	 1.637500 	 1.663024 	 
84.599998 	 0.172690 	 1.741536 	 
84.699997 	 1.085900 	 1.855646 	 
84.800003 	 0.300220 	 1.930569 	 
84.900002 	 -0.667090 	 2.020635 	 
85.000000 	 -2.420600 	 2.008567 	 
85.099998 	 -1.343600 	 2.048455 	 
85.199997 	 -2.695900 	 2.056827 	 
85.300003 	 -0.676880 	 2.111693 	 
85.400002 	 -2.270300 	 2.107718 	 
85.500000 	 -1.324300 	 2.137368 	 
85.599998 	 -3.399400 	 2.077745 	 
85.699997 	 -4.128900 	 1.996193 	 
85.800003 	 -4.730700 	 1.840708 	 
85.900002 	 -4.978700 	 1.651038 	 
86.000000 	 -5.013500 	 1.499781 	 
86.099998 	 -3.387400 	 1.367731 	 
86.199997 	 -6.059900 	 1.177611 	 
86.300003 	 -4.257200 	 0.972764 	 
86.400002 	 -5.109000 	 0.796901 	 
86.500000 	 -3.479100 	 0.584341 	 
86.599998 	 -6.258300 	 0.312383 	 
86.699997 	 -4.457400 	 0.142246 	 
86.800003 	 -5.618900 	 -0.096929 	 
86.900002 	 -4.903500 	 -0.326649 	 
87.000000 	 -4.141300 	 -0.564354 	 
87.099998 	 -4.300500 	 -0.826404 	 
87.199997 	 -3.096500 	 -1.026939 	 
87.300003 	 -3.067800 	 -1.214169 	 
87.400002 	 -2.351200 	 -1.331744 	 
87.500000 	 -3.695100 	 -1.530001 	 
87.599998 	 -2.135800 	 -1.728804 	 
87.699997 	 -1.830700 	 -1.868797 	 
87.800003 	 -0.853410 	 -2.011537 	 
87.900002 	 -0.388390 	 -2.130422 	 
88.000000 	 0.987570 	 -2.158952 	 
88.099998 	 0.795850 	 -2.215781 	 
88.199997 	 2.379100 	 -2.250311 	 
88.300003 	 2.802400 	 -2.254731 	 
88.400002 	 0.693390 	 -2.304666 	 
88.500000 	 1.389400 	 -2.310869 	 
88.599998 	 2.151000 	 -2.261411 	 
88.699997 	 3.529100 	 -2.200331 	 
88.800003 	 2.499100 	 -2.145359 	 
88.900002 	 4.259000 	 -2.022207 	 
89.000000 	 4.690300 	 -1.844434 	 
89.099998 	 4.385800 	 -1.701199 	 
89.199997 	 4.300700 	 -1.526284 	 
89.300003 	 6.514300 	 -1.346505 	 
89.400002 	 4.676800 	 -1.172827 	 
89.500000 	 5.703300 	 -0.997137 	 
89.599998 	 4.446200 	 -0.800997 	 
89.699997 	 6.140700 	 -0.544257 	 
89.800003 	 2.916200 	 -0.353085 	 
89.900002 	 4.160500 	 -0.124605 	 
90.000000 	 4.473500 	 0.112570 	 
90.099998 	 2.231300 	 0.253037 	 
90.199997 	 7.027500 	 0.580223 	 
90.300003 	 3.388100 	 0.771355 	 
90.400002 	 5.461300 	 1.035613 	 
90.500000 	 3.501500 	 1.210128 	 
90.599998 	 2.319700 	 1.424578 	 
90.699997 	 0.495550 	 1.548402 	 
90.800003 	 0.976080 	 1.713276 	 
90.900002 	 1.263600 	 1.867453 	 
91.000000 	 -1.498400 	 1.933526 	 
91.099998 	 -0.538100 	 2.027586 	 
91.199997 	 0.115750 	 2.107892 	 
91.300003 	 -0.178740 	 2.180119 	 
91.400002 	 -1.571200 	 2.199619 	 
91.500000 	 -3.135000 	 2.213621 	 
91.599998 	 -3.705200 	 2.174386 	 
91.699997 	 -2.747100 	 2.151476 	 
91.800003 	 -3.043600 	 2.096721 	 
91.900002 	 -1.778200 	 2.061976 	 
92.000000 	 -3.443700 	 1.951194 	 
92.099998 	 -4.152900 	 1.827476 	 
92.199997 	 -4.335300 	 1.659616 	 
92.300003 	 -4.902000 	 1.467005 	 
92.400002 	 -5.438100 	 1.313718 	 
92.500000 	 -3.981900 	 1.179436 	 
92.599998 	 -5.165600 	 0.996521 	 
92.699997 	 -4.742600 	 0.789728 	 
92.800003 	 -4.628700 	 0.611533 	 
92.900002 	 -5.752900 	 0.361236 	 
93.000000 	 -5.759900 	 0.099981 	 
93.099998 	 -5.106000 	 -0.137314 	 
93.199997 	 -6.506200 	 -0.407486 	 
93.300003 	 -3.469100 	 -0.657071 	 
93.400002 	 -2.955800 	 -0.847886 	 
93.500000 	 -2.066300 	 -1.042126 	 
93.599998 	 -4.611600 	 -1.268571 	 
93.699997 	 -1.435400 	 -1.457973 	 
93.800003 	 -3.647100 	 -1.622056 	 
93.900002 	 -2.353600 	 -1.784908 	 
94.000000 	 -1.446900 	 -1.932918 	 
94.099998 	 -2.435700 	 -2.049594 	 
94.199997 	 0.287740 	 -2.218088 	 
94.300003 	 0.264590 	 -2.296175 	 
94.400002 	 0.669330 	 -2.415975 	 
94.500000 	 -0.243650 	 -2.509604 	 
94.599998 	 2.216200 	 -2.512191 	 
94.699997 	 1.766600 	 -2.480415 	 
94.800003 	 4.083600 	 -2.402727 	 
94.900002 	 4.420600 	 -2.323802 	 
95.000000 	 3.288000 	 -2.204142 	 
95.099998 	 3.949700 	 -2.091947 	 
95.199997 	 5.260800 	 -1.963321 	 
95.300003 	 5.666800 	 -1.817182 	 
95.400002 	 4.671000 	 -1.661127 	 
95.500000 	 7.080600 	 -1.405737 	 
95.599998 	 5.715200 	 -1.170227 	 
95.699997 	 6.267800 	 -0.944855 	 
95.800003 	 4.537400 	 -0.755330 	 
95.900002 	 3.550700 	 -0.622107 	 
96.000000 	 5.998100 	 -0.386062 	 
96.099998 	 5.415900 	 -0.146842 	 
96.199997 	 5.356500 	 0.095453 	 
96.300003 	 3.609300 	 0.308235 	 
96.400002 	 3.567100 	 0.533365 	 
96.500000 	 4.985200 	 0.757543 	 
96.599998 	 3.139200 	 0.965163 	 
96.699997 	 4.724800 	 1.201848 	 
96.800003 	 1.994800 	 1.367435 	 
96.900002 	 4.297400 	 1.618692 	 
97.000000 	 0.163590 	 1.766780 	 
97.099998 	 -1.010900 	 1.869157 	 
97.199997 	 1.150900 	 2.060585 	 
97.300003 	 2.269600 	 2.204052 	 
97.400002 	 0.974500 	 2.302310 	 
97.500000 	 0.563770 	 2.368062 	 
97.599998 	 -1.267200 	 2.451672 	 
97.699997 	 -1.333200 	 2.454227 	 
97.800003 	 -1.704500 	 2.502792 	 
97.900002 	 -3.678800 	 2.469662 	 
98.000000 	 -1.246100 	 2.474682 	 
98.099998 	 -3.641200 	 2.444544 	 
98.199997 	 -3.157600 	 2.358411 	 
98.300003 	 -4.297400 	 2.244361 	 
98.400002 	 -2.379700 	 2.168135 	 
98.500000 	 -2.950800 	 2.100457 	 
98.599998 	 -3.959700 	 1.946059 	 
98.699997 	 -5.225100 	 1.771267 	 
98.800003 	 -6.214100 	 1.513824 	 
98.900002 	 -4.689600 	 1.286069 	 
99.000000 	 -3.862300 	 1.107312 	 
99.099998 	 -5.086300 	 0.881412 	 
99.199997 	 -6.314400 	 0.592032 	 
99.300003 	 -2.694100 	 0.383009 	 
99.400002 	 -5.776500 	 0.121821 	 
99.500000 	 -2.695200 	 -0.122574 	 
99.599998 	 -3.246800 	 -0.346624 	 
99.699997 	 -3.434900 	 -0.589191 	 
99.800003 	 -3.223300 	 -0.783209 	 
99.900002 	 -2.541900 	 -0.935524 	 
100.000000 	 -2.949300 	 -1.159209 	 
