0.000000 	 -0.275940 	 -0.275940 	 
0.100000 	 0.683070 	 0.683070 	 
0.200000 	 0.037993 	 0.037993 	 
0.300000 	 2.857600 	 2.857600 	 
0.400000 	 2.869800 	 2.869800 	 
0.500000 	 3.218300 	 3.218300 	 
0.600000 	 3.508400 	 3.508400 	 
0.700000 	 3.854200 	 3.854200 	 
0.800000 	 4.128100 	 4.128100 	 
0.900000 	 3.274900 	 3.274900 	 
1.000000 	 3.344400 	 3.344400 	 
1.100000 	 2.214000 	 2.214000 	 
1.200000 	 5.258300 	 5.258300 	 
1.300000 	 4.642500 	 4.642500 	 
1.400000 	 4.463200 	 4.463200 	 
1.500000 	 5.566200 	 5.566200 	 
1.600000 	 8.322400 	 8.322400 	 
1.700000 	 3.257900 	 3.257900 	 
1.800000 	 3.052600 	 3.052600 	 
1.900000 	 4.068400 	 4.068400 	 
2.000000 	 4.257900 	 4.257900 	 
2.100000 	 2.910700 	 2.910700 	 
2.200000 	 2.062300 	 2.062300 	 
2.300000 	 2.206100 	 2.206100 	 
2.400000 	 4.546000 	 4.546000 	 
2.500000 	 1.799500 	 1.799500 	 
2.600000 	 1.845300 	 1.845300 	 
2.700000 	 0.810960 	 0.810960 	 
2.800000 	 2.950800 	 2.950800 	 
2.900000 	 0.124140 	 0.124140 	 
3.000000 	 0.235530 	 0.235530 	 
3.100000 	 -2.103400 	 -2.103400 	 
3.200000 	 0.114450 	 0.114450 	 
3.300000 	 -1.283900 	 -1.283900 	 
3.400000 	 -1.315900 	 -1.315900 	 
3.500000 	 1.102400 	 1.102400 	 
3.600000 	 -3.172800 	 -3.172800 	 
3.700000 	 -0.992930 	 -0.992930 	 
3.800000 	 -3.172200 	 -3.172200 	 
3.900000 	 -1.763500 	 -1.763500 	 
4.000000 	 -4.533800 	 -4.533800 	 
4.100000 	 -1.692800 	 -1.692800 	 
4.200000 	 -5.885700 	 -5.885700 	 
4.300000 	 -3.463600 	 -3.463600 	 
4.400000 	 -4.026400 	 -4.026400 	 
4.500000 	 -5.371500 	 -5.371500 	 
4.600000 	 -4.459100 	 -4.459100 	 
4.700000 	 -2.907800 	 -2.907800 	 
4.800000 	 -4.961800 	 -4.961800 	 
4.900000 	 -3.761900 	 -3.761900 	 
5.000000 	 -3.987300 	 -3.987300 	 
5.100000 	 -5.896500 	 -5.896500 	 
5.200000 	 -5.502600 	 -5.502600 	 
5.300000 	 -3.645200 	 -3.645200 	 
5.400000 	 -5.184600 	 -5.184600 	 
5.500000 	 -4.109600 	 -4.109600 	 
5.600000 	 -3.161000 	 -3.161000 	 
5.700000 	 -3.901000 	 -3.901000 	 
5.800000 	 -1.190800 	 -1.190800 	 
5.900000 	 -1.606100 	 -1.606100 	 
6.000000 	 -1.957200 	 -1.957200 	 
6.100000 	 -0.867010 	 -0.867010 	 
6.200000 	 -0.939910 	 -0.939910 	 
6.300000 	 0.167520 	 0.167520 	 
6.400000 	 2.308700 	 2.308700 	 
6.500000 	 -1.092100 	 -1.092100 	 
6.600000 	 -0.235520 	 -0.235520 	 
6.700000 	 1.855500 	 1.855500 	 
6.800000 	 3.098500 	 3.098500 	 
6.900000 	 2.750800 	 2.750800 	 
7.000000 	 3.825700 	 3.825700 	 
7.100000 	 3.466300 	 3.466300 	 
7.200000 	 2.874100 	 2.874100 	 
7.300000 	 4.074500 	 4.074500 	 
7.400000 	 5.440700 	 5.440700 	 
7.500000 	 5.438900 	 5.438900 	 
7.600000 	 5.062700 	 5.062700 	 
7.700000 	 4.102400 	 4.102400 	 
7.800000 	 5.320300 	 5.320300 	 
7.900000 	 4.809700 	 4.809700 	 
8.000000 	 4.235300 	 4.235300 	 
8.100000 	 4.234100 	 4.234100 	 
8.200000 	 6.887000 	 6.887000 	 
8.300000 	 5.805800 	 5.805800 	 
8.400000 	 4.891800 	 4.891800 	 
8.500000 	 5.289000 	 5.289000 	 
8.600000 	 3.916000 	 3.916000 	 
8.700000 	 2.109100 	 2.109100 	 
8.800000 	 2.079700 	 2.079700 	 
8.900000 	 0.335760 	 0.335760 	 
9.000000 	 1.727900 	 1.727900 	 
9.100000 	 2.291000 	 2.291000 	 
9.200000 	 0.484920 	 0.484920 	 
9.300000 	 0.096449 	 0.096449 	 
9.400000 	 0.447220 	 0.447220 	 
9.500000 	 -0.946460 	 -0.946460 	 
9.600000 	 -2.175700 	 -2.175700 	 
9.700000 	 -2.076600 	 -2.076600 	 
9.800000 	 -1.358600 	 -1.358600 	 
9.900000 	 -3.312900 	 -3.312900 	 
10.000000 	 -2.279900 	 0.827201 	 
10.100000 	 -2.813200 	 0.792238 	 
10.200000 	 -2.455500 	 0.767303 	 
10.300000 	 -3.744500 	 0.701282 	 
10.400000 	 -3.147200 	 0.641112 	 
10.500000 	 -4.937100 	 0.559558 	 
10.600000 	 -3.620000 	 0.488274 	 
10.700000 	 -4.397500 	 0.405757 	 
10.800000 	 -6.535000 	 0.299126 	 
10.900000 	 -3.862800 	 0.227749 	 
11.000000 	 -5.137100 	 0.142934 	 
11.100000 	 -6.014400 	 0.060650 	 
11.200000 	 -4.283500 	 -0.034768 	 
11.300000 	 -4.311100 	 -0.124304 	 
11.400000 	 -4.266100 	 -0.211597 	 
11.500000 	 -4.862100 	 -0.315880 	 
11.600000 	 -3.453300 	 -0.433637 	 
11.700000 	 -5.147600 	 -0.517692 	 
11.800000 	 -4.097000 	 -0.589188 	 
11.900000 	 -1.332000 	 -0.643192 	 
12.000000 	 -3.051200 	 -0.716283 	 
12.100000 	 -0.982860 	 -0.755218 	 
12.200000 	 -1.487800 	 -0.790719 	 
12.300000 	 -1.868000 	 -0.831460 	 
12.400000 	 -1.142900 	 -0.888349 	 
12.500000 	 -0.358470 	 -0.909929 	 
12.600000 	 -0.337880 	 -0.931761 	 
12.700000 	 2.141900 	 -0.918451 	 
12.800000 	 0.262800 	 -0.945331 	 
12.900000 	 0.564890 	 -0.940924 	 
13.000000 	 2.552100 	 -0.917758 	 
13.100000 	 2.975700 	 -0.866967 	 
13.200000 	 4.256000 	 -0.825552 	 
13.300000 	 0.719650 	 -0.805516 	 
13.400000 	 3.524800 	 -0.757109 	 
13.500000 	 4.380200 	 -0.724331 	 
13.600000 	 3.370000 	 -0.658903 	 
13.700000 	 3.954500 	 -0.609429 	 
13.800000 	 5.423800 	 -0.523469 	 
13.900000 	 5.486700 	 -0.450967 	 
14.000000 	 5.236300 	 -0.353266 	 
14.100000 	 3.514200 	 -0.301196 	 
14.200000 	 5.624700 	 -0.186092 	 
14.300000 	 5.172500 	 -0.099731 	 
14.400000 	 6.507700 	 0.005610 	 
14.500000 	 5.375100 	 0.113076 	 
14.600000 	 3.165600 	 0.189323 	 
14.700000 	 4.865800 	 0.267059 	 
14.800000 	 3.849500 	 0.355172 	 
14.900000 	 3.558000 	 0.428371 	 
15.000000 	 3.292500 	 0.501169 	 
15.100000 	 2.600000 	 0.586134 	 
15.200000 	 2.012100 	 0.661281 	 
15.300000 	 1.184200 	 0.709575 	 
15.400000 	 -0.215070 	 0.759270 	 
15.500000 	 1.770900 	 0.818075 	 
15.600000 	 -1.414600 	 0.835539 	 
15.700000 	 1.793100 	 0.892480 	 
15.800000 	 -1.094900 	 0.893439 	 
15.900000 	 -1.173800 	 0.897762 	 
16.000000 	 -1.876300 	 0.898571 	 
16.100000 	 -1.553400 	 0.891708 	 
16.200001 	 -2.381900 	 0.877288 	 
16.299999 	 -4.189800 	 0.833714 	 
16.400000 	 -5.514500 	 0.755482 	 
16.500000 	 -3.798300 	 0.728420 	 
16.600000 	 -4.035200 	 0.690424 	 
16.700001 	 -2.717500 	 0.644694 	 
16.799999 	 -4.864700 	 0.565062 	 
16.900000 	 -4.372000 	 0.493833 	 
17.000000 	 -4.189800 	 0.413678 	 
17.100000 	 -6.339400 	 0.315621 	 
17.200001 	 -4.248700 	 0.244393 	 
17.299999 	 -5.137800 	 0.152270 	 
17.400000 	 -6.172700 	 0.036137 	 
17.500000 	 -5.001600 	 -0.068269 	 
17.600000 	 -5.236400 	 -0.171260 	 
17.700001 	 -2.324300 	 -0.235527 	 
17.799999 	 -4.633200 	 -0.335061 	 
17.900000 	 -3.388300 	 -0.417041 	 
18.000000 	 -2.585700 	 -0.485251 	 
18.100000 	 -2.019100 	 -0.547783 	 
18.200001 	 -4.509300 	 -0.661746 	 
18.299999 	 -3.280400 	 -0.752609 	 
18.400000 	 -3.867700 	 -0.840203 	 
18.500000 	 -1.788800 	 -0.910981 	 
18.600000 	 -0.378370 	 -0.953925 	 
18.700001 	 -0.446570 	 -0.979482 	 
18.799999 	 -1.329400 	 -1.013573 	 
18.900000 	 2.079700 	 -0.996133 	 
19.000000 	 0.140100 	 -1.012011 	 
19.100000 	 2.668600 	 -1.008236 	 
19.200001 	 1.724200 	 -0.995843 	 
19.299999 	 3.167800 	 -0.965129 	 
19.400000 	 3.404200 	 -0.935559 	 
19.500000 	 6.331900 	 -0.862776 	 
19.600000 	 3.547100 	 -0.805548 	 
19.700001 	 3.088600 	 -0.753896 	 
19.799999 	 5.342200 	 -0.686888 	 
19.900000 	 4.020200 	 -0.613557 	 
20.000000 	 4.160300 	 -0.549155 	 
20.100000 	 4.485600 	 -0.476167 	 
20.200001 	 4.663300 	 -0.404979 	 
20.299999 	 5.339700 	 -0.314137 	 
20.400000 	 5.863800 	 -0.224027 	 
20.500000 	 3.875300 	 -0.135903 	 
20.600000 	 5.684300 	 -0.042860 	 
20.700001 	 3.888900 	 0.040004 	 
20.799999 	 3.763200 	 0.142986 	 
20.900000 	 1.259900 	 0.194213 	 
21.000000 	 4.380700 	 0.289391 	 
21.100000 	 4.789900 	 0.397434 	 
21.200001 	 3.630200 	 0.476571 	 
21.299999 	 3.276400 	 0.552446 	 
21.400000 	 2.775800 	 0.622865 	 
21.500000 	 3.067200 	 0.702158 	 
21.600000 	 2.686000 	 0.763551 	 
21.700001 	 1.760400 	 0.832631 	 
21.799999 	 0.956230 	 0.883164 	 
21.900000 	 -1.009100 	 0.886392 	 
22.000000 	 0.617630 	 0.923081 	 
22.100000 	 -1.901500 	 0.913894 	 
22.200001 	 -1.595800 	 0.912814 	 
22.299999 	 -2.566100 	 0.905833 	 
22.400000 	 -1.452600 	 0.902736 	 
22.500000 	 -3.729500 	 0.869026 	 
22.600000 	 -3.075100 	 0.841654 	 
22.700001 	 -2.795000 	 0.792285 	 
22.799999 	 -2.601100 	 0.763646 	 
22.900000 	 -4.615600 	 0.711841 	 
23.000000 	 -4.095300 	 0.645367 	 
23.100000 	 -5.150300 	 0.564107 	 
23.200001 	 -5.920700 	 0.462340 	 
23.299999 	 -4.030900 	 0.414834 	 
23.400000 	 -4.525900 	 0.334327 	 
23.500000 	 -4.094800 	 0.249578 	 
23.600000 	 -5.647700 	 0.159400 	 
23.700001 	 -3.896300 	 0.080893 	 
23.799999 	 -6.031900 	 -0.033665 	 
23.900000 	 -4.386300 	 -0.132395 	 
24.000000 	 -4.142000 	 -0.226178 	 
24.100000 	 -6.010900 	 -0.321428 	 
24.200001 	 -3.235700 	 -0.410032 	 
24.299999 	 -2.083300 	 -0.482590 	 
24.400000 	 -2.105000 	 -0.568717 	 
24.500000 	 -2.998700 	 -0.652455 	 
24.600000 	 -2.260300 	 -0.706714 	 
24.700001 	 -2.434500 	 -0.779718 	 
24.799999 	 -2.538900 	 -0.843601 	 
24.900000 	 -1.798100 	 -0.897162 	 
25.000000 	 -0.296400 	 -0.933051 	 
25.100000 	 -0.381210 	 -0.962864 	 
25.200001 	 2.489100 	 -0.958094 	 
25.299999 	 1.265500 	 -0.957281 	 
25.400000 	 1.726000 	 -0.937870 	 
25.500000 	 1.562000 	 -0.939959 	 
25.600000 	 2.177500 	 -0.904038 	 
25.700001 	 1.757800 	 -0.904391 	 
25.799999 	 4.366800 	 -0.849774 	 
25.900000 	 2.438900 	 -0.813647 	 
26.000000 	 3.426800 	 -0.760616 	 
26.100000 	 3.461700 	 -0.710465 	 
26.200001 	 5.973900 	 -0.626907 	 
26.299999 	 5.484900 	 -0.530160 	 
26.400000 	 4.517600 	 -0.429839 	 
26.500000 	 4.864200 	 -0.343214 	 
26.600000 	 5.376500 	 -0.249097 	 
26.700001 	 4.497100 	 -0.176951 	 
26.799999 	 4.203600 	 -0.086268 	 
26.900000 	 5.755200 	 0.015004 	 
27.000000 	 5.261200 	 0.109514 	 
27.100000 	 5.065600 	 0.223564 	 
27.200001 	 5.652400 	 0.322575 	 
27.299999 	 3.045200 	 0.404405 	 
27.400000 	 4.425700 	 0.510389 	 
27.500000 	 4.655800 	 0.606963 	 
27.600000 	 4.584100 	 0.705168 	 
27.700001 	 2.878200 	 0.757193 	 
27.799999 	 2.190500 	 0.825430 	 
27.900000 	 2.569600 	 0.885009 	 
28.000000 	 0.588540 	 0.916751 	 
28.100000 	 -1.431100 	 0.922631 	 
28.200001 	 0.795160 	 0.975676 	 
28.299999 	 -0.538330 	 1.003097 	 
28.400000 	 -0.909520 	 1.032678 	 
28.500000 	 -1.296100 	 1.037605 	 
28.600000 	 -1.426700 	 1.027122 	 
28.700001 	 -1.578500 	 1.015803 	 
28.799999 	 -3.537400 	 0.993723 	 
28.900000 	 -3.253900 	 0.940387 	 
29.000000 	 -4.216000 	 0.896826 	 
29.100000 	 -3.590600 	 0.834234 	 
29.200001 	 -5.064900 	 0.766343 	 
29.299999 	 -5.393400 	 0.680731 	 
29.400000 	 -4.967500 	 0.597014 	 
29.500000 	 -4.693400 	 0.486761 	 
29.600000 	 -5.802100 	 0.393269 	 
29.700001 	 -5.118000 	 0.311203 	 
29.799999 	 -5.471100 	 0.203070 	 
29.900000 	 -4.251400 	 0.120354 	 
30.000000 	 -4.278300 	 0.035968 	 
30.100000 	 -3.594600 	 -0.044834 	 
30.200001 	 -6.298000 	 -0.154447 	 
30.299999 	 -5.916200 	 -0.267006 	 
30.400000 	 -2.286300 	 -0.348507 	 
30.500000 	 -4.598000 	 -0.433240 	 
30.600000 	 -3.551500 	 -0.525598 	 
30.700001 	 -2.654000 	 -0.591027 	 
30.799999 	 -2.971600 	 -0.658375 	 
30.900000 	 -3.955900 	 -0.710533 	 
31.000000 	 -2.091200 	 -0.775252 	 
31.100000 	 -2.045300 	 -0.843604 	 
31.200001 	 0.880040 	 -0.871106 	 
31.299999 	 1.060700 	 -0.893263 	 
31.400000 	 0.260180 	 -0.918419 	 
31.500000 	 -0.185890 	 -0.950950 	 
31.600000 	 1.018100 	 -0.967629 	 
31.700001 	 1.641300 	 -0.968820 	 
31.799999 	 0.792500 	 -0.970457 	 
31.900000 	 3.258500 	 -0.927781 	 
32.000000 	 2.586000 	 -0.908097 	 
32.099998 	 1.740300 	 -0.871679 	 
32.200001 	 2.532500 	 -0.830396 	 
32.299999 	 4.984300 	 -0.754892 	 
32.400002 	 4.082700 	 -0.699539 	 
32.500000 	 5.866900 	 -0.603575 	 
32.599998 	 4.171200 	 -0.531112 	 
32.700001 	 4.880500 	 -0.454357 	 
32.799999 	 2.820400 	 -0.400142 	 
32.900002 	 5.251300 	 -0.301473 	 
33.000000 	 3.281700 	 -0.227703 	 
33.099998 	 3.913400 	 -0.137066 	 
33.200001 	 5.246100 	 -0.025398 	 
33.299999 	 6.405900 	 0.078970 	 
33.400002 	 4.421000 	 0.168439 	 
33.500000 	 4.353800 	 0.252924 	 
33.599998 	 5.288100 	 0.362282 	 
33.700001 	 3.944200 	 0.440687 	 
33.799999 	 3.335400 	 0.534360 	 
33.900002 	 2.905500 	 0.607278 	 
34.000000 	 1.935200 	 0.668050 	 
34.099998 	 2.664700 	 0.754806 	 
34.200001 	 1.498200 	 0.802145 	 
34.299999 	 1.391000 	 0.836888 	 
34.400002 	 2.340500 	 0.881343 	 
34.500000 	 -0.584690 	 0.905484 	 
34.599998 	 -0.767400 	 0.920413 	 
34.700001 	 -0.272310 	 0.942035 	 
34.799999 	 -0.782430 	 0.959599 	 
34.900002 	 -1.428200 	 0.963298 	 
35.000000 	 -0.358660 	 0.962676 	 
35.099998 	 -3.522500 	 0.931263 	 
35.200001 	 -3.232200 	 0.874050 	 
35.299999 	 -3.976500 	 0.821630 	 
35.400002 	 -4.550900 	 0.758861 	 
35.500000 	 -4.428100 	 0.698960 	 
35.599998 	 -2.427000 	 0.652915 	 
35.700001 	 -5.308500 	 0.582252 	 
35.799999 	 -4.304400 	 0.495540 	 
35.900002 	 -6.140200 	 0.409749 	 
36.000000 	 -5.826900 	 0.317212 	 
36.099998 	 -4.102300 	 0.241572 	 
36.200001 	 -5.542500 	 0.126408 	 
36.299999 	 -5.246900 	 0.019090 	 
36.400002 	 -5.402200 	 -0.080108 	 
36.500000 	 -3.536500 	 -0.164115 	 
36.599998 	 -6.227300 	 -0.280153 	 
36.700001 	 -3.982500 	 -0.364949 	 
36.799999 	 -4.584500 	 -0.452830 	 
36.900002 	 -3.095000 	 -0.541332 	 
37.000000 	 -4.845900 	 -0.642403 	 
37.099998 	 -1.021800 	 -0.703277 	 
37.200001 	 -2.802500 	 -0.787826 	 
37.299999 	 0.096356 	 -0.817315 	 
37.400002 	 -2.145500 	 -0.883026 	 
37.500000 	 -1.938400 	 -0.948969 	 
37.599998 	 -0.193530 	 -0.996745 	 
37.700001 	 -0.998040 	 -1.035507 	 
37.799999 	 0.806130 	 -1.049351 	 
37.900002 	 1.439800 	 -1.060649 	 
38.000000 	 1.905400 	 -1.047480 	 
38.099998 	 2.050600 	 -1.012663 	 
38.200001 	 2.357100 	 -0.997044 	 
38.299999 	 2.070500 	 -0.970956 	 
38.400002 	 2.562200 	 -0.936238 	 
38.500000 	 5.209100 	 -0.871186 	 
38.599998 	 1.809700 	 -0.838822 	 
38.700001 	 3.226600 	 -0.790771 	 
38.799999 	 4.766800 	 -0.707729 	 
38.900002 	 5.109400 	 -0.624097 	 
39.000000 	 4.316200 	 -0.538774 	 
39.099998 	 5.212300 	 -0.450746 	 
39.200001 	 4.707700 	 -0.353020 	 
39.299999 	 5.924500 	 -0.239841 	 
39.400002 	 5.360900 	 -0.136557 	 
39.500000 	 4.358500 	 -0.046038 	 
39.599998 	 2.465800 	 0.036642 	 
39.700001 	 4.958200 	 0.137403 	 
39.799999 	 6.371000 	 0.255825 	 
39.900002 	 4.537400 	 0.343713 	 
40.000000 	 3.426300 	 0.420759 	 
40.099998 	 5.014600 	 0.506851 	 
40.200001 	 3.123500 	 0.601066 	 
40.299999 	 4.298100 	 0.703209 	 
40.400002 	 2.412200 	 0.750193 	 
40.500000 	 2.349100 	 0.819665 	 
40.599998 	 2.845300 	 0.883633 	 
40.700001 	 1.477000 	 0.924942 	 
40.799999 	 2.668300 	 0.981342 	 
40.900002 	 -1.522100 	 1.005680 	 
41.000000 	 -2.053200 	 1.006060 	 
41.099998 	 -0.070222 	 1.025810 	 
41.200001 	 -2.246400 	 0.994546 	 
41.299999 	 -2.163100 	 0.962308 	 
41.400002 	 -1.677600 	 0.942930 	 
41.500000 	 -2.772800 	 0.917061 	 
41.599998 	 -3.516100 	 0.871719 	 
41.700001 	 -3.350800 	 0.821798 	 
41.799999 	 -5.098600 	 0.762887 	 
41.900002 	 -4.407900 	 0.686223 	 
42.000000 	 -3.330700 	 0.627056 	 
42.099998 	 -4.417200 	 0.565481 	 
42.200001 	 -2.201000 	 0.518146 	 
42.299999 	 -3.757800 	 0.430725 	 
42.400002 	 -3.252100 	 0.357377 	 
42.500000 	 -4.758000 	 0.251128 	 
42.599998 	 -6.140100 	 0.148015 	 
42.700001 	 -5.463700 	 0.044573 	 
42.799999 	 -3.110200 	 -0.014733 	 
42.900002 	 -5.414800 	 -0.121394 	 
43.000000 	 -3.266100 	 -0.186872 	 
43.099998 	 -3.246500 	 -0.258471 	 
43.200001 	 -4.514300 	 -0.356075 	 
43.299999 	 -2.179600 	 -0.441930 	 
43.400002 	 -3.958600 	 -0.525726 	 
43.500000 	 -2.138300 	 -0.590647 	 
43.599998 	 -2.749100 	 -0.671019 	 
43.700001 	 -1.116700 	 -0.721628 	 
43.799999 	 -1.025600 	 -0.765238 	 
43.900002 	 -1.887800 	 -0.813171 	 
44.000000 	 1.155200 	 -0.820971 	 
44.099998 	 1.680300 	 -0.830815 	 
44.200001 	 1.506300 	 -0.830734 	 
44.299999 	 1.233700 	 -0.832307 	 
44.400002 	 0.136830 	 -0.854344 	 
44.500000 	 1.605100 	 -0.832446 	 
44.599998 	 3.196200 	 -0.792810 	 
44.700001 	 3.416700 	 -0.755920 	 
44.799999 	 3.604900 	 -0.712046 	 
44.900002 	 4.119500 	 -0.656570 	 
45.000000 	 5.419500 	 -0.598788 	 
45.099998 	 5.455600 	 -0.509007 	 
45.200001 	 3.060100 	 -0.446084 	 
45.299999 	 4.843800 	 -0.357881 	 
45.400002 	 2.917700 	 -0.283195 	 
45.500000 	 6.998300 	 -0.168931 	 
45.599998 	 6.572800 	 -0.078933 	 
45.700001 	 6.206300 	 0.036215 	 
45.799999 	 5.146700 	 0.130726 	 
45.900002 	 5.431000 	 0.246438 	 
46.000000 	 4.152700 	 0.346234 	 
46.099998 	 5.278300 	 0.440040 	 
46.200001 	 3.616600 	 0.531632 	 
46.299999 	 2.098800 	 0.605088 	 
46.400002 	 4.218100 	 0.701291 	 
46.500000 	 4.539100 	 0.782047 	 
46.599998 	 3.073300 	 0.875053 	 
46.700001 	 -0.623910 	 0.908639 	 
46.799999 	 2.537900 	 0.979863 	 
46.900002 	 3.403800 	 1.044851 	 
47.000000 	 -1.448200 	 1.078828 	 
47.099998 	 1.686400 	 1.105910 	 
47.200001 	 0.706670 	 1.141002 	 
47.299999 	 -1.846800 	 1.121570 	 
47.400002 	 -1.980900 	 1.123217 	 
47.500000 	 -4.159000 	 1.101010 	 
47.599998 	 0.177950 	 1.104725 	 
47.700001 	 -3.879000 	 1.075916 	 
47.799999 	 -3.103800 	 1.036816 	 
47.900002 	 -3.874200 	 0.983676 	 
48.000000 	 -3.550600 	 0.929116 	 
48.099998 	 -4.070400 	 0.867906 	 
48.200001 	 -5.806000 	 0.786275 	 
48.299999 	 -4.623400 	 0.719336 	 
48.400002 	 -4.783800 	 0.645876 	 
48.500000 	 -5.284000 	 0.540945 	 
48.599998 	 -4.682700 	 0.476021 	 
48.700001 	 -5.743000 	 0.386325 	 
48.799999 	 -6.175400 	 0.276903 	 
48.900002 	 -5.236100 	 0.173448 	 
49.000000 	 -5.426100 	 0.076025 	 
49.099998 	 -5.895000 	 -0.035048 	 
49.200001 	 -3.661000 	 -0.118735 	 
49.299999 	 -4.440100 	 -0.222381 	 
49.400002 	 -3.314700 	 -0.309137 	 
49.500000 	 -3.814100 	 -0.390863 	 
49.599998 	 -2.666900 	 -0.442190 	 
49.700001 	 -2.050600 	 -0.512278 	 
49.799999 	 -2.188400 	 -0.597872 	 
49.900002 	 -3.015100 	 -0.673397 	 
50.000000 	 -1.614000 	 -0.723800 	 
50.099998 	 -1.843200 	 -0.792378 	 
50.200001 	 0.159280 	 -0.822020 	 
50.299999 	 -0.242080 	 -0.867422 	 
50.400002 	 -0.053134 	 -0.892075 	 
50.500000 	 1.749300 	 -0.898073 	 
50.599998 	 2.564600 	 -0.900880 	 
50.700001 	 0.939790 	 -0.906252 	 
50.799999 	 2.526100 	 -0.907674 	 
50.900002 	 3.494200 	 -0.857511 	 
51.000000 	 3.273900 	 -0.804240 	 
51.099998 	 5.560500 	 -0.747933 	 
51.200001 	 3.753200 	 -0.687937 	 
51.299999 	 4.900100 	 -0.617305 	 
51.400002 	 3.320900 	 -0.567320 	 
51.500000 	 4.022100 	 -0.499371 	 
51.599998 	 5.300500 	 -0.411205 	 
51.700001 	 5.609800 	 -0.321599 	 
51.799999 	 5.291000 	 -0.217703 	 
51.900002 	 7.161600 	 -0.102008 	 
52.000000 	 4.427400 	 -0.024427 	 
52.099998 	 4.261700 	 0.062362 	 
52.200001 	 5.706500 	 0.141437 	 
52.299999 	 3.651000 	 0.215525 	 
52.400002 	 6.442900 	 0.312475 	 
52.500000 	 3.380300 	 0.393858 	 
52.599998 	 3.305600 	 0.488315 	 
52.700001 	 4.376900 	 0.586721 	 
52.799999 	 2.068300 	 0.638506 	 
52.900002 	 3.365200 	 0.726306 	 
53.000000 	 2.771700 	 0.786684 	 
53.099998 	 0.436810 	 0.823517 	 
53.200001 	 1.862000 	 0.887280 	 
53.299999 	 0.876110 	 0.917837 	 
53.400002 	 -0.520490 	 0.952218 	 
53.500000 	 -1.094600 	 0.962655 	 
53.599998 	 -0.939620 	 0.980750 	 
53.700001 	 -1.200400 	 0.979913 	 
53.799999 	 -2.741000 	 0.962759 	 
53.900002 	 -2.050100 	 0.961136 	 
54.000000 	 -2.917100 	 0.920413 	 
54.099998 	 -4.033400 	 0.863276 	 
54.200001 	 -4.579800 	 0.802415 	 
54.299999 	 -4.457900 	 0.745499 	 
54.400002 	 -4.993100 	 0.694200 	 
54.500000 	 -3.367400 	 0.644475 	 
54.599998 	 -5.783900 	 0.554674 	 
54.700001 	 -4.675000 	 0.473757 	 
54.799999 	 -4.400600 	 0.393702 	 
54.900002 	 -5.953700 	 0.292970 	 
55.000000 	 -4.630100 	 0.192474 	 
55.099998 	 -5.445900 	 0.083459 	 
55.200001 	 -5.760100 	 -0.004743 	 
55.299999 	 -6.203500 	 -0.115216 	 
55.400002 	 -5.510700 	 -0.199500 	 
55.500000 	 -2.618300 	 -0.295666 	 
55.599998 	 -5.634200 	 -0.417736 	 
55.700001 	 -4.405100 	 -0.523850 	 
55.799999 	 -4.558200 	 -0.620899 	 
55.900002 	 -2.259300 	 -0.697802 	 
56.000000 	 -3.525800 	 -0.774587 	 
56.099998 	 -2.612500 	 -0.853495 	 
56.200001 	 -0.985540 	 -0.899516 	 
56.299999 	 -0.299350 	 -0.923498 	 
56.400002 	 -1.833400 	 -0.984013 	 
56.500000 	 -0.434990 	 -1.033754 	 
56.599998 	 0.634830 	 -1.058139 	 
56.700001 	 0.743020 	 -1.044469 	 
56.799999 	 3.112300 	 -1.038725 	 
56.900002 	 3.015700 	 -1.042606 	 
57.000000 	 3.513900 	 -0.992986 	 
57.099998 	 0.565100 	 -1.004198 	 
57.200001 	 2.679600 	 -0.984469 	 
57.299999 	 3.173500 	 -0.934266 	 
57.400002 	 2.674100 	 -0.887716 	 
57.500000 	 3.280600 	 -0.813320 	 
57.599998 	 5.065900 	 -0.764441 	 
57.700001 	 3.169400 	 -0.693957 	 
57.799999 	 5.917500 	 -0.603744 	 
57.900002 	 6.543400 	 -0.499568 	 
58.000000 	 4.977600 	 -0.414286 	 
58.099998 	 6.797000 	 -0.305612 	 
58.200001 	 6.590800 	 -0.181644 	 
58.299999 	 4.997500 	 -0.085435 	 
58.400002 	 4.404400 	 0.006447 	 
58.500000 	 5.494400 	 0.114231 	 
58.599998 	 3.769300 	 0.198751 	 
58.700001 	 4.004500 	 0.296226 	 
58.799999 	 5.086800 	 0.408848 	 
58.900002 	 2.542100 	 0.486630 	 
59.000000 	 2.486300 	 0.565754 	 
59.099998 	 3.660700 	 0.661311 	 
59.200001 	 0.516360 	 0.703085 	 
59.299999 	 2.832900 	 0.775815 	 
59.400002 	 1.335700 	 0.822319 	 
59.500000 	 0.797680 	 0.868437 	 
59.599998 	 0.296810 	 0.898074 	 
59.700001 	 -0.436420 	 0.914216 	 
59.799999 	 -0.603280 	 0.930067 	 
59.900002 	 -1.503700 	 0.945181 	 
60.000000 	 -2.312800 	 0.938193 	 
60.099998 	 -0.982290 	 0.946802 	 
60.200001 	 -2.443100 	 0.920778 	 
60.299999 	 -2.406300 	 0.899136 	 
60.400002 	 -2.693200 	 0.872735 	 
60.500000 	 -3.793500 	 0.817307 	 
60.599998 	 -4.305600 	 0.748605 	 
60.700001 	 -3.802500 	 0.701182 	 
60.799999 	 -4.781100 	 0.628110 	 
60.900002 	 -4.159000 	 0.551578 	 
61.000000 	 -5.919800 	 0.459641 	 
61.099998 	 -4.906200 	 0.354974 	 
61.200001 	 -4.871400 	 0.268728 	 
61.299999 	 -3.616800 	 0.183559 	 
61.400002 	 -3.203700 	 0.118314 	 
61.500000 	 -5.084500 	 0.027247 	 
61.599998 	 -5.387500 	 -0.079633 	 
61.700001 	 -5.571400 	 -0.191445 	 
61.799999 	 -4.866400 	 -0.293019 	 
61.900002 	 -4.011100 	 -0.404746 	 
62.000000 	 -4.942300 	 -0.498443 	 
62.099998 	 -3.818400 	 -0.579244 	 
62.200001 	 -2.402000 	 -0.660329 	 
62.299999 	 -1.110800 	 -0.707947 	 
62.400002 	 -1.110800 	 -0.783484 	 
62.500000 	 -2.263800 	 -0.839925 	 
62.599998 	 -3.148000 	 -0.904461 	 
62.700001 	 -1.055600 	 -0.958786 	 
62.799999 	 0.190050 	 -0.977568 	 
62.900002 	 0.390590 	 -1.007314 	 
63.000000 	 0.231620 	 -1.032715 	 
63.099998 	 0.761610 	 -1.029467 	 
63.200001 	 2.242500 	 -1.025662 	 
63.299999 	 3.641100 	 -0.998012 	 
63.400002 	 3.317100 	 -0.959636 	 
63.500000 	 0.907120 	 -0.939619 	 
63.599998 	 2.632800 	 -0.903895 	 
63.700001 	 2.737700 	 -0.864514 	 
63.799999 	 3.211500 	 -0.804989 	 
63.900002 	 5.767300 	 -0.726815 	 
64.000000 	 4.963100 	 -0.648013 	 
64.099998 	 4.796700 	 -0.559712 	 
64.199997 	 4.778300 	 -0.466131 	 
64.300003 	 3.073700 	 -0.390815 	 
64.400002 	 4.705400 	 -0.293830 	 
64.500000 	 4.366400 	 -0.216492 	 
64.599998 	 4.739400 	 -0.111259 	 
64.699997 	 3.984400 	 -0.024665 	 
64.800003 	 5.272500 	 0.072066 	 
64.900002 	 4.067500 	 0.172278 	 
65.000000 	 4.385600 	 0.262435 	 
65.099998 	 4.411200 	 0.361006 	 
65.199997 	 3.525800 	 0.453865 	 
65.300003 	 3.148900 	 0.547389 	 
65.400002 	 3.625100 	 0.638747 	 
65.500000 	 3.209100 	 0.697021 	 
65.599998 	 0.559750 	 0.758961 	 
65.699997 	 0.078394 	 0.803796 	 
65.800003 	 2.222000 	 0.871598 	 
65.900002 	 0.089518 	 0.895086 	 
66.000000 	 0.034930 	 0.930693 	 
66.099998 	 -0.401010 	 0.952808 	 
66.199997 	 -1.366000 	 0.949004 	 
66.300003 	 -1.472700 	 0.937270 	 
66.400002 	 -2.460600 	 0.930998 	 
66.500000 	 -1.434700 	 0.921001 	 
66.599998 	 -2.361800 	 0.891035 	 
66.699997 	 -4.079700 	 0.842807 	 
66.800003 	 -3.014500 	 0.781539 	 
66.900002 	 -5.309500 	 0.698287 	 
67.000000 	 -5.443600 	 0.608712 	 
67.099998 	 -5.716500 	 0.545896 	 
67.199997 	 -4.912700 	 0.469973 	 
67.300003 	 -4.352400 	 0.394714 	 
67.400002 	 -4.022700 	 0.327746 	 
67.500000 	 -5.569200 	 0.239248 	 
67.599998 	 -5.797500 	 0.130614 	 
67.699997 	 -4.765000 	 0.051270 	 
67.800003 	 -4.197200 	 -0.049877 	 
67.900002 	 -5.825400 	 -0.173565 	 
68.000000 	 -4.903200 	 -0.272373 	 
68.099998 	 -4.166100 	 -0.382004 	 
68.199997 	 -4.407500 	 -0.491987 	 
68.300003 	 -3.875100 	 -0.580713 	 
68.400002 	 -3.800900 	 -0.662766 	 
68.500000 	 -1.248200 	 -0.730192 	 
68.599998 	 -4.281400 	 -0.810699 	 
68.699997 	 -1.913700 	 -0.869881 	 
68.800003 	 0.230240 	 -0.918446 	 
68.900002 	 -1.417000 	 -0.958037 	 
69.000000 	 -0.368560 	 -0.986586 	 
69.099998 	 -2.096200 	 -1.044155 	 
69.199997 	 -1.199300 	 -1.061312 	 
69.300003 	 -0.554430 	 -1.095185 	 
69.400002 	 2.972500 	 -1.078817 	 
69.500000 	 2.650200 	 -1.060292 	 
69.599998 	 1.808000 	 -1.045180 	 
69.699997 	 3.021300 	 -1.010603 	 
69.800003 	 5.066300 	 -0.953907 	 
69.900002 	 2.668600 	 -0.912184 	 
70.000000 	 4.347100 	 -0.845585 	 
70.099998 	 4.979800 	 -0.785964 	 
70.199997 	 3.195800 	 -0.729575 	 
70.300003 	 3.406900 	 -0.671443 	 
70.400002 	 5.142300 	 -0.593088 	 
70.500000 	 5.521200 	 -0.499941 	 
70.599998 	 3.551700 	 -0.421368 	 
70.699997 	 6.073700 	 -0.322606 	 
70.800003 	 4.542900 	 -0.229366 	 
70.900002 	 3.047700 	 -0.157299 	 
71.000000 	 4.981200 	 -0.048289 	 
71.099998 	 5.870900 	 0.059482 	 
71.199997 	 4.088600 	 0.149082 	 
71.300003 	 5.491900 	 0.240169 	 
71.400002 	 4.528900 	 0.317495 	 
71.500000 	 2.075200 	 0.389092 	 
71.599998 	 2.205700 	 0.465024 	 
71.699997 	 2.596200 	 0.546700 	 
71.800003 	 3.399500 	 0.629359 	 
71.900002 	 2.255900 	 0.692029 	 
72.000000 	 -0.128440 	 0.740168 	 
72.099998 	 2.159600 	 0.799948 	 
72.199997 	 0.475710 	 0.828725 	 
72.300003 	 0.649860 	 0.846331 	 
72.400002 	 -1.300100 	 0.844438 	 
72.500000 	 -2.217400 	 0.844903 	 
72.599998 	 -2.657500 	 0.849808 	 
72.699997 	 -1.057900 	 0.849785 	 
72.800003 	 -4.614100 	 0.801743 	 
72.900002 	 -2.976000 	 0.768077 	 
73.000000 	 -3.964500 	 0.726116 	 
73.099998 	 -4.183600 	 0.676664 	 
73.199997 	 -4.621700 	 0.608022 	 
73.300003 	 -4.599100 	 0.525620 	 
73.400002 	 -4.307500 	 0.449374 	 
73.500000 	 -5.451500 	 0.385788 	 
73.599998 	 -5.811300 	 0.301347 	 
73.699997 	 -6.448500 	 0.209485 	 
73.800003 	 -6.073200 	 0.116638 	 
73.900002 	 -3.645100 	 0.022514 	 
74.000000 	 -5.376100 	 -0.080879 	 
74.099998 	 -6.401600 	 -0.192862 	 
74.199997 	 -5.542800 	 -0.296072 	 
74.300003 	 -4.146200 	 -0.368271 	 
74.400002 	 -4.315100 	 -0.458476 	 
74.500000 	 -3.844100 	 -0.540582 	 
74.599998 	 -3.933000 	 -0.627305 	 
74.699997 	 -1.884300 	 -0.685992 	 
74.800003 	 -3.529000 	 -0.774007 	 
74.900002 	 -3.189400 	 -0.846576 	 
75.000000 	 -3.794000 	 -0.928373 	 
75.099998 	 -1.624400 	 -0.988728 	 
75.199997 	 -1.320700 	 -1.037194 	 
75.300003 	 0.050078 	 -1.068182 	 
75.400002 	 -0.547640 	 -1.109909 	 
75.500000 	 -0.654610 	 -1.148546 	 
75.599998 	 -0.971270 	 -1.163857 	 
75.699997 	 4.337900 	 -1.121261 	 
75.800003 	 2.337000 	 -1.120111 	 
75.900002 	 4.453000 	 -1.076476 	 
76.000000 	 3.241300 	 -1.044413 	 
76.099998 	 1.763300 	 -1.022770 	 
76.199997 	 4.588400 	 -0.963226 	 
76.300003 	 3.501500 	 -0.913484 	 
76.400002 	 5.428100 	 -0.834597 	 
76.500000 	 5.489900 	 -0.765351 	 
76.599998 	 5.330700 	 -0.688426 	 
76.699997 	 5.172300 	 -0.595906 	 
76.800003 	 4.724600 	 -0.518515 	 
76.900002 	 6.824100 	 -0.397179 	 
77.000000 	 4.864800 	 -0.294095 	 
77.099998 	 3.735000 	 -0.199580 	 
77.199997 	 3.603200 	 -0.114421 	 
77.300003 	 4.873500 	 -0.022162 	 
77.400002 	 3.722700 	 0.055293 	 
77.500000 	 2.700200 	 0.137987 	 
77.599998 	 3.699600 	 0.232958 	 
77.699997 	 4.363100 	 0.324239 	 
77.800003 	 4.335000 	 0.409560 	 
77.900002 	 2.905700 	 0.496872 	 
78.000000 	 1.840000 	 0.564303 	 
78.099998 	 1.631900 	 0.622283 	 
78.199997 	 0.183940 	 0.668198 	 
78.300003 	 1.407500 	 0.721024 	 
78.400002 	 -0.074548 	 0.758287 	 
78.500000 	 -0.438100 	 0.766388 	 
78.599998 	 -0.776150 	 0.801441 	 
78.699997 	 -1.071200 	 0.809866 	 
78.800003 	 -0.914850 	 0.798415 	 
78.900002 	 -1.814400 	 0.794441 	 
79.000000 	 -1.001400 	 0.788113 	 
79.099998 	 -3.046000 	 0.778615 	 
79.199997 	 -2.519100 	 0.765417 	 
79.300003 	 -4.570400 	 0.725257 	 
79.400002 	 -4.992500 	 0.645607 	 
79.500000 	 -6.009600 	 0.559009 	 
79.599998 	 -4.897700 	 0.491952 	 
79.699997 	 -4.641200 	 0.415327 	 
79.800003 	 -5.017700 	 0.314487 	 
79.900002 	 -4.536400 	 0.242437 	 
80.000000 	 -4.694100 	 0.152025 	 
80.099998 	 -6.068100 	 0.041545 	 
80.199997 	 -3.369700 	 -0.024109 	 
80.300003 	 -3.836700 	 -0.096545 	 
80.400002 	 -4.085200 	 -0.188820 	 
80.500000 	 -5.003200 	 -0.294064 	 
80.599998 	 -2.967800 	 -0.359259 	 
80.699997 	 -3.478500 	 -0.454781 	 
80.800003 	 -2.696700 	 -0.527177 	 
80.900002 	 -4.269700 	 -0.600351 	 
81.000000 	 -1.937900 	 -0.669542 	 
81.099998 	 -2.939100 	 -0.757642 	 
81.199997 	 -3.030800 	 -0.828836 	 
81.300003 	 -2.871500 	 -0.912470 	 
81.400002 	 -2.111300 	 -0.978872 	 
81.500000 	 -2.510300 	 -1.024727 	 
81.599998 	 -1.014500 	 -1.056929 	 
81.699997 	 -0.866830 	 -1.091560 	 
81.800003 	 1.488700 	 -1.110668 	 
81.900002 	 2.608100 	 -1.107146 	 
82.000000 	 1.036800 	 -1.095493 	 
82.099998 	 1.894600 	 -1.098143 	 
82.199997 	 1.544900 	 -1.087451 	 
82.300003 	 3.936700 	 -1.054583 	 
82.400002 	 1.925500 	 -1.022327 	 
82.500000 	 5.023300 	 -0.949920 	 
82.599998 	 4.620000 	 -0.877145 	 
82.699997 	 2.348100 	 -0.843085 	 
82.800003 	 3.948100 	 -0.757463 	 
82.900002 	 4.285300 	 -0.684850 	 
83.000000 	 5.366900 	 -0.591536 	 
83.099998 	 6.181500 	 -0.487885 	 
83.199997 	 4.924900 	 -0.392419 	 
83.300003 	 4.421400 	 -0.302214 	 
83.400002 	 2.351800 	 -0.235621 	 
83.500000 	 4.235200 	 -0.138754 	 
83.599998 	 5.816300 	 -0.022478 	 
83.699997 	 3.769000 	 0.079697 	 
83.800003 	 4.856200 	 0.188991 	 
83.900002 	 4.367000 	 0.269112 	 
84.000000 	 2.128800 	 0.344161 	 
84.099998 	 3.069000 	 0.438867 	 
84.199997 	 3.760300 	 0.531898 	 
84.300003 	 2.979200 	 0.603152 	 
84.400002 	 2.690800 	 0.673211 	 
84.500000 	 1.637500 	 0.728027 	 
84.599998 	 0.172690 	 0.769084 	 
84.699997 	 1.085900 	 0.798786 	 
84.800003 	 0.300220 	 0.837078 	 
84.900002 	 -0.667090 	 0.862301 	 
85.000000 	 -2.420600 	 0.876035 	 
85.099998 	 -1.343600 	 0.878843 	 
85.199997 	 -2.695900 	 0.865092 	 
85.300003 	 -0.676880 	 0.857822 	 
85.400002 	 -2.270300 	 0.840595 	 
85.500000 	 -1.324300 	 0.833898 	 
85.599998 	 -3.399400 	 0.809617 	 
85.699997 	 -4.128900 	 0.724949 	 
85.800003 	 -4.730700 	 0.654272 	 
85.900002 	 -4.978700 	 0.559955 	 
86.000000 	 -5.013500 	 0.477407 	 
86.099998 	 -3.387400 	 0.425900 	 
86.199997 	 -6.059900 	 0.319417 	 
86.300003 	 -4.257200 	 0.241830 	 
86.400002 	 -5.109000 	 0.136459 	 
86.500000 	 -3.479100 	 0.046769 	 
86.599998 	 -6.258300 	 -0.069121 	 
86.699997 	 -4.457400 	 -0.165418 	 
86.800003 	 -5.618900 	 -0.268853 	 
86.900002 	 -4.903500 	 -0.386129 	 
87.000000 	 -4.141300 	 -0.476190 	 
87.099998 	 -4.300500 	 -0.556545 	 
87.199997 	 -3.096500 	 -0.623542 	 
87.300003 	 -3.067800 	 -0.702955 	 
87.400002 	 -2.351200 	 -0.763694 	 
87.500000 	 -3.695100 	 -0.827647 	 
87.599998 	 -2.135800 	 -0.886001 	 
87.699997 	 -1.830700 	 -0.947939 	 
87.800003 	 -0.853410 	 -0.999823 	 
87.900002 	 -0.388390 	 -1.032764 	 
88.000000 	 0.987570 	 -1.041288 	 
88.099998 	 0.795850 	 -1.049649 	 
88.199997 	 2.379100 	 -1.027697 	 
88.300003 	 2.802400 	 -1.013748 	 
88.400002 	 0.693390 	 -1.006069 	 
88.500000 	 1.389400 	 -0.987794 	 
88.599998 	 2.151000 	 -0.958522 	 
88.699997 	 3.529100 	 -0.912519 	 
88.800003 	 2.499100 	 -0.878380 	 
88.900002 	 4.259000 	 -0.817646 	 
89.000000 	 4.690300 	 -0.760729 	 
89.099998 	 4.385800 	 -0.686411 	 
89.199997 	 4.300700 	 -0.618213 	 
89.300003 	 6.514300 	 -0.507366 	 
89.400002 	 4.676800 	 -0.410673 	 
89.500000 	 5.703300 	 -0.293544 	 
89.599998 	 4.446200 	 -0.200105 	 
89.699997 	 6.140700 	 -0.092286 	 
89.800003 	 2.916200 	 -0.012947 	 
89.900002 	 4.160500 	 0.074022 	 
90.000000 	 4.473500 	 0.165698 	 
90.099998 	 2.231300 	 0.248692 	 
90.199997 	 7.027500 	 0.352664 	 
90.300003 	 3.388100 	 0.424912 	 
90.400002 	 5.461300 	 0.520377 	 
90.500000 	 3.501500 	 0.605424 	 
90.599998 	 2.319700 	 0.658299 	 
90.699997 	 0.495550 	 0.698040 	 
90.800003 	 0.976080 	 0.734767 	 
90.900002 	 1.263600 	 0.790100 	 
91.000000 	 -1.498400 	 0.794495 	 
91.099998 	 -0.538100 	 0.818506 	 
91.199997 	 0.115750 	 0.849971 	 
91.300003 	 -0.178740 	 0.876899 	 
91.400002 	 -1.571200 	 0.882299 	 
91.500000 	 -3.135000 	 0.876053 	 
91.599998 	 -3.705200 	 0.849146 	 
91.699997 	 -2.747100 	 0.830343 	 
91.800003 	 -3.043600 	 0.785020 	 
91.900002 	 -1.778200 	 0.741157 	 
92.000000 	 -3.443700 	 0.696352 	 
92.099998 	 -4.152900 	 0.635877 	 
92.199997 	 -4.335300 	 0.577075 	 
92.300003 	 -4.902000 	 0.488688 	 
92.400002 	 -5.438100 	 0.415052 	 
92.500000 	 -3.981900 	 0.325000 	 
92.599998 	 -5.165600 	 0.227144 	 
92.699997 	 -4.742600 	 0.156237 	 
92.800003 	 -4.628700 	 0.070469 	 
92.900002 	 -5.752900 	 -0.029913 	 
93.000000 	 -5.759900 	 -0.141181 	 
93.099998 	 -5.106000 	 -0.254056 	 
93.199997 	 -6.506200 	 -0.368367 	 
93.300003 	 -3.469100 	 -0.447272 	 
93.400002 	 -2.955800 	 -0.500348 	 
93.500000 	 -2.066300 	 -0.563363 	 
93.599998 	 -4.611600 	 -0.667642 	 
93.699997 	 -1.435400 	 -0.719686 	 
93.800003 	 -3.647100 	 -0.804719 	 
93.900002 	 -2.353600 	 -0.871925 	 
94.000000 	 -1.446900 	 -0.907682 	 
94.099998 	 -2.435700 	 -0.962729 	 
94.199997 	 0.287740 	 -0.997454 	 
94.300003 	 0.264590 	 -1.024601 	 
94.400002 	 0.669330 	 -1.044815 	 
94.500000 	 -0.243650 	 -1.063627 	 
94.599998 	 2.216200 	 -1.043192 	 
94.699997 	 1.766600 	 -1.036385 	 
94.800003 	 4.083600 	 -0.998551 	 
94.900002 	 4.420600 	 -0.947674 	 
95.000000 	 3.288000 	 -0.890588 	 
95.099998 	 3.949700 	 -0.837655 	 
95.199997 	 5.260800 	 -0.758088 	 
95.300003 	 5.666800 	 -0.694651 	 
95.400002 	 4.671000 	 -0.625238 	 
95.500000 	 7.080600 	 -0.541189 	 
95.599998 	 5.715200 	 -0.450043 	 
95.699997 	 6.267800 	 -0.346076 	 
95.800003 	 4.537400 	 -0.253395 	 
95.900002 	 3.550700 	 -0.168101 	 
96.000000 	 5.998100 	 -0.057985 	 
96.099998 	 5.415900 	 0.030048 	 
96.199997 	 5.356500 	 0.144212 	 
96.300003 	 3.609300 	 0.222877 	 
96.400002 	 3.567100 	 0.309638 	 
96.500000 	 4.985200 	 0.394281 	 
96.599998 	 3.139200 	 0.488256 	 
96.699997 	 4.724800 	 0.580078 	 
96.800003 	 1.994800 	 0.656214 	 
96.900002 	 4.297400 	 0.748223 	 
97.000000 	 0.163590 	 0.791272 	 
97.099998 	 -1.010900 	 0.824168 	 
97.199997 	 1.150900 	 0.866642 	 
97.300003 	 2.269600 	 0.920016 	 
97.400002 	 0.974500 	 0.953273 	 
97.500000 	 0.563770 	 0.995862 	 
97.599998 	 -1.267200 	 1.004548 	 
97.699997 	 -1.333200 	 1.009523 	 
97.800003 	 -1.704500 	 1.001012 	 
97.900002 	 -3.678800 	 0.968108 	 
98.000000 	 -1.246100 	 0.945771 	 
98.099998 	 -3.641200 	 0.901401 	 
98.199997 	 -3.157600 	 0.846034 	 
98.300003 	 -4.297400 	 0.775036 	 
98.400002 	 -2.379700 	 0.744305 	 
98.500000 	 -2.950800 	 0.700903 	 
98.599998 	 -3.959700 	 0.639796 	 
98.699997 	 -5.225100 	 0.552254 	 
98.800003 	 -6.214100 	 0.465122 	 
98.900002 	 -4.689600 	 0.375636 	 
99.000000 	 -3.862300 	 0.290110 	 
99.099998 	 -5.086300 	 0.195389 	 
99.199997 	 -6.314400 	 0.089238 	 
99.300003 	 -2.694100 	 -0.002846 	 
99.400002 	 -5.776500 	 -0.107379 	 
99.500000 	 -2.695200 	 -0.191364 	 
99.599998 	 -3.246800 	 -0.268294 	 
99.699997 	 -3.434900 	 -0.364050 	 
99.800003 	 -3.223300 	 -0.425445 	 
99.900002 	 -2.541900 	 -0.492469 	 
100.000000 	 -2.949300 	 -0.566697 	 
