0.000000 	 -0.275940 	 -0.275940 	 
0.100000 	 0.683070 	 0.683070 	 
0.200000 	 0.037993 	 0.037993 	 
0.300000 	 2.857600 	 2.857600 	 
0.400000 	 2.869800 	 2.869800 	 
0.500000 	 3.218300 	 1.933353 	 
0.600000 	 3.508400 	 2.498419 	 
0.700000 	 3.854200 	 3.261660 	 
0.800000 	 4.128100 	 3.515760 	 
0.900000 	 3.274900 	 3.596780 	 
1.000000 	 3.344400 	 3.622000 	 
1.100000 	 2.214000 	 3.363120 	 
1.200000 	 5.258300 	 3.643940 	 
1.300000 	 4.642500 	 3.746820 	 
1.400000 	 4.463200 	 3.984480 	 
1.500000 	 5.566200 	 4.428840 	 
1.600000 	 8.322400 	 5.650519 	 
1.700000 	 3.257900 	 5.250440 	 
1.800000 	 3.052600 	 4.932460 	 
1.900000 	 4.068400 	 4.853500 	 
2.000000 	 4.257900 	 4.591840 	 
2.100000 	 2.910700 	 3.509500 	 
2.200000 	 2.062300 	 3.270380 	 
2.300000 	 2.206100 	 3.101080 	 
2.400000 	 4.546000 	 3.196600 	 
2.500000 	 1.799500 	 2.704920 	 
2.600000 	 1.845300 	 2.491840 	 
2.700000 	 0.810960 	 2.241572 	 
2.800000 	 2.950800 	 2.390512 	 
2.900000 	 0.124140 	 1.506140 	 
3.000000 	 0.235530 	 1.193346 	 
3.100000 	 -2.103400 	 0.403606 	 
3.200000 	 0.114450 	 0.264304 	 
3.300000 	 -1.283900 	 -0.582636 	 
3.400000 	 -1.315900 	 -0.870644 	 
3.500000 	 1.102400 	 -0.697270 	 
3.600000 	 -3.172800 	 -0.911150 	 
3.700000 	 -0.992930 	 -1.132626 	 
3.800000 	 -3.172200 	 -1.510286 	 
3.900000 	 -1.763500 	 -1.599806 	 
4.000000 	 -4.533800 	 -2.727046 	 
4.100000 	 -1.692800 	 -2.431046 	 
4.200000 	 -5.885700 	 -3.409600 	 
4.300000 	 -3.463600 	 -3.467880 	 
4.400000 	 -4.026400 	 -3.920460 	 
4.500000 	 -5.371500 	 -4.088000 	 
4.600000 	 -4.459100 	 -4.641260 	 
4.700000 	 -2.907800 	 -4.045680 	 
4.800000 	 -4.961800 	 -4.345320 	 
4.900000 	 -3.761900 	 -4.292420 	 
5.000000 	 -3.987300 	 -4.015580 	 
5.100000 	 -5.896500 	 -4.303060 	 
5.200000 	 -5.502600 	 -4.822020 	 
5.300000 	 -3.645200 	 -4.558700 	 
5.400000 	 -5.184600 	 -4.843240 	 
5.500000 	 -4.109600 	 -4.867700 	 
5.600000 	 -3.161000 	 -4.320600 	 
5.700000 	 -3.901000 	 -4.000280 	 
5.800000 	 -1.190800 	 -3.509400 	 
5.900000 	 -1.606100 	 -2.793700 	 
6.000000 	 -1.957200 	 -2.363220 	 
6.100000 	 -0.867010 	 -1.904422 	 
6.200000 	 -0.939910 	 -1.312204 	 
6.300000 	 0.167520 	 -1.040540 	 
6.400000 	 2.308700 	 -0.257580 	 
6.500000 	 -1.092100 	 -0.084560 	 
6.600000 	 -0.235520 	 0.041738 	 
6.700000 	 1.855500 	 0.600820 	 
6.800000 	 3.098500 	 1.187016 	 
6.900000 	 2.750800 	 1.275436 	 
7.000000 	 3.825700 	 2.258996 	 
7.100000 	 3.466300 	 2.999360 	 
7.200000 	 2.874100 	 3.203080 	 
7.300000 	 4.074500 	 3.398280 	 
7.400000 	 5.440700 	 3.936260 	 
7.500000 	 5.438900 	 4.258901 	 
7.600000 	 5.062700 	 4.578180 	 
7.700000 	 4.102400 	 4.823840 	 
7.800000 	 5.320300 	 5.073000 	 
7.900000 	 4.809700 	 4.946800 	 
8.000000 	 4.235300 	 4.706080 	 
8.100000 	 4.234100 	 4.540360 	 
8.200000 	 6.887000 	 5.097280 	 
8.300000 	 5.805800 	 5.194380 	 
8.400000 	 4.891800 	 5.210800 	 
8.500000 	 5.289000 	 5.421540 	 
8.600000 	 3.916000 	 5.357920 	 
8.700000 	 2.109100 	 4.402340 	 
8.800000 	 2.079700 	 3.657120 	 
8.900000 	 0.335760 	 2.745912 	 
9.000000 	 1.727900 	 2.033692 	 
9.100000 	 2.291000 	 1.708692 	 
9.200000 	 0.484920 	 1.383856 	 
9.300000 	 0.096449 	 0.987206 	 
9.400000 	 0.447220 	 1.009498 	 
9.500000 	 -0.946460 	 0.474626 	 
9.600000 	 -2.175700 	 -0.418714 	 
9.700000 	 -2.076600 	 -0.931018 	 
9.800000 	 -1.358600 	 -1.222028 	 
9.900000 	 -3.312900 	 -1.974052 	 
10.000000 	 -2.279900 	 -2.240740 	 
10.100000 	 -2.813200 	 -2.368240 	 
10.200000 	 -2.455500 	 -2.444020 	 
10.300000 	 -3.744500 	 -2.921200 	 
10.400000 	 -3.147200 	 -2.888060 	 
10.500000 	 -4.937100 	 -3.419500 	 
10.600000 	 -3.620000 	 -3.580860 	 
10.700000 	 -4.397500 	 -3.969260 	 
10.800000 	 -6.535000 	 -4.527360 	 
10.900000 	 -3.862800 	 -4.670480 	 
11.000000 	 -5.137100 	 -4.710480 	 
11.100000 	 -6.014400 	 -5.189360 	 
11.200000 	 -4.283500 	 -5.166560 	 
11.300000 	 -4.311100 	 -4.721780 	 
11.400000 	 -4.266100 	 -4.802440 	 
11.500000 	 -4.862100 	 -4.747440 	 
11.600000 	 -3.453300 	 -4.235220 	 
11.700000 	 -5.147600 	 -4.408040 	 
11.800000 	 -4.097000 	 -4.365220 	 
11.900000 	 -1.332000 	 -3.778400 	 
12.000000 	 -3.051200 	 -3.416220 	 
12.100000 	 -0.982860 	 -2.922132 	 
12.200000 	 -1.487800 	 -2.190172 	 
12.300000 	 -1.868000 	 -1.744372 	 
12.400000 	 -1.142900 	 -1.706552 	 
12.500000 	 -0.358470 	 -1.168006 	 
12.600000 	 -0.337880 	 -1.039010 	 
12.700000 	 2.141900 	 -0.313070 	 
12.800000 	 0.262800 	 0.113090 	 
12.900000 	 0.564890 	 0.454648 	 
13.000000 	 2.552100 	 1.036762 	 
13.100000 	 2.975700 	 1.699478 	 
13.200000 	 4.256000 	 2.122298 	 
13.300000 	 0.719650 	 2.213668 	 
13.400000 	 3.524800 	 2.805650 	 
13.500000 	 4.380200 	 3.171270 	 
13.600000 	 3.370000 	 3.250130 	 
13.700000 	 3.954500 	 3.189830 	 
13.800000 	 5.423800 	 4.130660 	 
13.900000 	 5.486700 	 4.523040 	 
14.000000 	 5.236300 	 4.694260 	 
14.100000 	 3.514200 	 4.723100 	 
14.200000 	 5.624700 	 5.057140 	 
14.300000 	 5.172500 	 5.006880 	 
14.400000 	 6.507700 	 5.211080 	 
14.500000 	 5.375100 	 5.238840 	 
14.600000 	 3.165600 	 5.169120 	 
14.700000 	 4.865800 	 5.017340 	 
14.800000 	 3.849500 	 4.752740 	 
14.900000 	 3.558000 	 4.162800 	 
15.000000 	 3.292500 	 3.746280 	 
15.100000 	 2.600000 	 3.633160 	 
15.200000 	 2.012100 	 3.062420 	 
15.300000 	 1.184200 	 2.529360 	 
15.400000 	 -0.215070 	 1.774746 	 
15.500000 	 1.770900 	 1.470426 	 
15.600000 	 -1.414600 	 0.667506 	 
15.700000 	 1.793100 	 0.623706 	 
15.800000 	 -1.094900 	 0.167886 	 
15.900000 	 -1.173800 	 -0.023860 	 
16.000000 	 -1.876300 	 -0.753300 	 
16.100000 	 -1.553400 	 -0.781060 	 
16.200001 	 -2.381900 	 -1.616060 	 
16.299999 	 -4.189800 	 -2.235040 	 
16.400000 	 -5.514500 	 -3.103180 	 
16.500000 	 -3.798300 	 -3.487580 	 
16.600000 	 -4.035200 	 -3.983940 	 
16.700001 	 -2.717500 	 -4.051060 	 
16.799999 	 -4.864700 	 -4.186040 	 
16.900000 	 -4.372000 	 -3.957540 	 
17.000000 	 -4.189800 	 -4.035840 	 
17.100000 	 -6.339400 	 -4.496680 	 
17.200001 	 -4.248700 	 -4.802920 	 
17.299999 	 -5.137800 	 -4.857540 	 
17.400000 	 -6.172700 	 -5.217680 	 
17.500000 	 -5.001600 	 -5.380040 	 
17.600000 	 -5.236400 	 -5.159440 	 
17.700001 	 -2.324300 	 -4.774560 	 
17.799999 	 -4.633200 	 -4.673640 	 
17.900000 	 -3.388300 	 -4.116760 	 
18.000000 	 -2.585700 	 -3.633580 	 
18.100000 	 -2.019100 	 -2.990120 	 
18.200001 	 -4.509300 	 -3.427120 	 
18.299999 	 -3.280400 	 -3.156560 	 
18.400000 	 -3.867700 	 -3.252440 	 
18.500000 	 -1.788800 	 -3.093060 	 
18.600000 	 -0.378370 	 -2.764914 	 
18.700001 	 -0.446570 	 -1.952368 	 
18.799999 	 -1.329400 	 -1.562168 	 
18.900000 	 2.079700 	 -0.372688 	 
19.000000 	 0.140100 	 0.013092 	 
19.100000 	 2.668600 	 0.622486 	 
19.200001 	 1.724200 	 1.056640 	 
19.299999 	 3.167800 	 1.956080 	 
19.400000 	 3.404200 	 2.220980 	 
19.500000 	 6.331900 	 3.459340 	 
19.600000 	 3.547100 	 3.635040 	 
19.700001 	 3.088600 	 3.907920 	 
19.799999 	 5.342200 	 4.342800 	 
19.900000 	 4.020200 	 4.466000 	 
20.000000 	 4.160300 	 4.031680 	 
20.100000 	 4.485600 	 4.219380 	 
20.200001 	 4.663300 	 4.534320 	 
20.299999 	 5.339700 	 4.533820 	 
20.400000 	 5.863800 	 4.902540 	 
20.500000 	 3.875300 	 4.845540 	 
20.600000 	 5.684300 	 5.085280 	 
20.700001 	 3.888900 	 4.930400 	 
20.799999 	 3.763200 	 4.615100 	 
20.900000 	 1.259900 	 3.694320 	 
21.000000 	 4.380700 	 3.795400 	 
21.100000 	 4.789900 	 3.616520 	 
21.200001 	 3.630200 	 3.564780 	 
21.299999 	 3.276400 	 3.467420 	 
21.400000 	 2.775800 	 3.770600 	 
21.500000 	 3.067200 	 3.507900 	 
21.600000 	 2.686000 	 3.087120 	 
21.700001 	 1.760400 	 2.713160 	 
21.799999 	 0.956230 	 2.249126 	 
21.900000 	 -1.009100 	 1.492146 	 
22.000000 	 0.617630 	 1.002232 	 
22.100000 	 -1.901500 	 0.084732 	 
22.200001 	 -1.595800 	 -0.586508 	 
22.299999 	 -2.566100 	 -1.290974 	 
22.400000 	 -1.452600 	 -1.379674 	 
22.500000 	 -3.729500 	 -2.249100 	 
22.600000 	 -3.075100 	 -2.483820 	 
22.700001 	 -2.795000 	 -2.723660 	 
22.799999 	 -2.601100 	 -2.730660 	 
22.900000 	 -4.615600 	 -3.363260 	 
23.000000 	 -4.095300 	 -3.436420 	 
23.100000 	 -5.150300 	 -3.851460 	 
23.200001 	 -5.920700 	 -4.476600 	 
23.299999 	 -4.030900 	 -4.762560 	 
23.400000 	 -4.525900 	 -4.744620 	 
23.500000 	 -4.094800 	 -4.744520 	 
23.600000 	 -5.647700 	 -4.844000 	 
23.700001 	 -3.896300 	 -4.439120 	 
23.799999 	 -6.031900 	 -4.839320 	 
23.900000 	 -4.386300 	 -4.811400 	 
24.000000 	 -4.142000 	 -4.820840 	 
24.100000 	 -6.010900 	 -4.893480 	 
24.200001 	 -3.235700 	 -4.761360 	 
24.299999 	 -2.083300 	 -3.971640 	 
24.400000 	 -2.105000 	 -3.515380 	 
24.500000 	 -2.998700 	 -3.286720 	 
24.600000 	 -2.260300 	 -2.536600 	 
24.700001 	 -2.434500 	 -2.376360 	 
24.799999 	 -2.538900 	 -2.467480 	 
24.900000 	 -1.798100 	 -2.406100 	 
25.000000 	 -0.296400 	 -1.865640 	 
25.100000 	 -0.381210 	 -1.489822 	 
25.200001 	 2.489100 	 -0.505102 	 
25.299999 	 1.265500 	 0.255778 	 
25.400000 	 1.726000 	 0.960598 	 
25.500000 	 1.562000 	 1.332278 	 
25.600000 	 2.177500 	 1.844020 	 
25.700001 	 1.757800 	 1.697760 	 
25.799999 	 4.366800 	 2.318020 	 
25.900000 	 2.438900 	 2.460600 	 
26.000000 	 3.426800 	 2.833560 	 
26.100000 	 3.461700 	 3.090400 	 
26.200001 	 5.973900 	 3.933620 	 
26.299999 	 5.484900 	 4.157240 	 
26.400000 	 4.517600 	 4.572980 	 
26.500000 	 4.864200 	 4.860460 	 
26.600000 	 5.376500 	 5.243420 	 
26.700001 	 4.497100 	 4.948060 	 
26.799999 	 4.203600 	 4.691800 	 
26.900000 	 5.755200 	 4.939320 	 
27.000000 	 5.261200 	 5.018720 	 
27.100000 	 5.065600 	 4.956540 	 
27.200001 	 5.652400 	 5.187600 	 
27.299999 	 3.045200 	 4.955920 	 
27.400000 	 4.425700 	 4.690020 	 
27.500000 	 4.655800 	 4.568940 	 
27.600000 	 4.584100 	 4.472640 	 
27.700001 	 2.878200 	 3.917800 	 
27.799999 	 2.190500 	 3.746860 	 
27.900000 	 2.569600 	 3.375640 	 
28.000000 	 0.588540 	 2.562188 	 
28.100000 	 -1.431100 	 1.359148 	 
28.200001 	 0.795160 	 0.942540 	 
28.299999 	 -0.538330 	 0.396774 	 
28.400000 	 -0.909520 	 -0.299050 	 
28.500000 	 -1.296100 	 -0.675978 	 
28.600000 	 -1.426700 	 -0.675098 	 
28.700001 	 -1.578500 	 -1.149830 	 
28.799999 	 -3.537400 	 -1.749644 	 
28.900000 	 -3.253900 	 -2.218520 	 
29.000000 	 -4.216000 	 -2.802500 	 
29.100000 	 -3.590600 	 -3.235280 	 
29.200001 	 -5.064900 	 -3.932560 	 
29.299999 	 -5.393400 	 -4.303760 	 
29.400000 	 -4.967500 	 -4.646480 	 
29.500000 	 -4.693400 	 -4.741960 	 
29.600000 	 -5.802100 	 -5.184260 	 
29.700001 	 -5.118000 	 -5.194880 	 
29.799999 	 -5.471100 	 -5.210420 	 
29.900000 	 -4.251400 	 -5.067200 	 
30.000000 	 -4.278300 	 -4.984179 	 
30.100000 	 -3.594600 	 -4.542680 	 
30.200001 	 -6.298000 	 -4.778680 	 
30.299999 	 -5.916200 	 -4.867700 	 
30.400000 	 -2.286300 	 -4.474680 	 
30.500000 	 -4.598000 	 -4.538620 	 
30.600000 	 -3.551500 	 -4.530000 	 
30.700001 	 -2.654000 	 -3.801200 	 
30.799999 	 -2.971600 	 -3.212280 	 
30.900000 	 -3.955900 	 -3.546200 	 
31.000000 	 -2.091200 	 -3.044840 	 
31.100000 	 -2.045300 	 -2.743600 	 
31.200001 	 0.880040 	 -2.036792 	 
31.299999 	 1.060700 	 -1.230332 	 
31.400000 	 0.260180 	 -0.387116 	 
31.500000 	 -0.185890 	 -0.006054 	 
31.600000 	 1.018100 	 0.606626 	 
31.700001 	 1.641300 	 0.758878 	 
31.799999 	 0.792500 	 0.705238 	 
31.900000 	 3.258500 	 1.304902 	 
32.000000 	 2.586000 	 1.859280 	 
32.099998 	 1.740300 	 2.003720 	 
32.200001 	 2.532500 	 2.181960 	 
32.299999 	 4.984300 	 3.020320 	 
32.400002 	 4.082700 	 3.185160 	 
32.500000 	 5.866900 	 3.841340 	 
32.599998 	 4.171200 	 4.327519 	 
32.700001 	 4.880500 	 4.797120 	 
32.799999 	 2.820400 	 4.364340 	 
32.900002 	 5.251300 	 4.598060 	 
33.000000 	 3.281700 	 4.081020 	 
33.099998 	 3.913400 	 4.029460 	 
33.200001 	 5.246100 	 4.102580 	 
33.299999 	 6.405900 	 4.819680 	 
33.400002 	 4.421000 	 4.653620 	 
33.500000 	 4.353800 	 4.868040 	 
33.599998 	 5.288100 	 5.142980 	 
33.700001 	 3.944200 	 4.882600 	 
33.799999 	 3.335400 	 4.268500 	 
33.900002 	 2.905500 	 3.965400 	 
34.000000 	 1.935200 	 3.481680 	 
34.099998 	 2.664700 	 2.957000 	 
34.200001 	 1.498200 	 2.467800 	 
34.299999 	 1.391000 	 2.078920 	 
34.400002 	 2.340500 	 1.965920 	 
34.500000 	 -0.584690 	 1.461942 	 
34.599998 	 -0.767400 	 0.775522 	 
34.700001 	 -0.272310 	 0.421420 	 
34.799999 	 -0.782430 	 -0.013266 	 
34.900002 	 -1.428200 	 -0.767006 	 
35.000000 	 -0.358660 	 -0.721800 	 
35.099998 	 -3.522500 	 -1.272820 	 
35.200001 	 -3.232200 	 -1.864798 	 
35.299999 	 -3.976500 	 -2.503612 	 
35.400002 	 -4.550900 	 -3.128152 	 
35.500000 	 -4.428100 	 -3.942040 	 
35.599998 	 -2.427000 	 -3.722940 	 
35.700001 	 -5.308500 	 -4.138200 	 
35.799999 	 -4.304400 	 -4.203780 	 
35.900002 	 -6.140200 	 -4.521640 	 
36.000000 	 -5.826900 	 -4.801400 	 
36.099998 	 -4.102300 	 -5.136460 	 
36.200001 	 -5.542500 	 -5.183260 	 
36.299999 	 -5.246900 	 -5.371760 	 
36.400002 	 -5.402200 	 -5.224160 	 
36.500000 	 -3.536500 	 -4.766080 	 
36.599998 	 -6.227300 	 -5.191080 	 
36.700001 	 -3.982500 	 -4.879080 	 
36.799999 	 -4.584500 	 -4.746600 	 
36.900002 	 -3.095000 	 -4.285160 	 
37.000000 	 -4.845900 	 -4.547040 	 
37.099998 	 -1.021800 	 -3.505940 	 
37.200001 	 -2.802500 	 -3.269940 	 
37.299999 	 0.096356 	 -2.333769 	 
37.400002 	 -2.145500 	 -2.143869 	 
37.500000 	 -1.938400 	 -1.562369 	 
37.599998 	 -0.193530 	 -1.396715 	 
37.700001 	 -0.998040 	 -1.035823 	 
37.799999 	 0.806130 	 -0.893868 	 
37.900002 	 1.439800 	 -0.176808 	 
38.000000 	 1.905400 	 0.591952 	 
38.099998 	 2.050600 	 1.040778 	 
38.200001 	 2.357100 	 1.711806 	 
38.299999 	 2.070500 	 1.964680 	 
38.400002 	 2.562200 	 2.189160 	 
38.500000 	 5.209100 	 2.849900 	 
38.599998 	 1.809700 	 2.801720 	 
38.700001 	 3.226600 	 2.975620 	 
38.799999 	 4.766800 	 3.514880 	 
38.900002 	 5.109400 	 4.024320 	 
39.000000 	 4.316200 	 3.845740 	 
39.099998 	 5.212300 	 4.526260 	 
39.200001 	 4.707700 	 4.822480 	 
39.299999 	 5.924500 	 5.054020 	 
39.400002 	 5.360900 	 5.104320 	 
39.500000 	 4.358500 	 5.112780 	 
39.599998 	 2.465800 	 4.563479 	 
39.700001 	 4.958200 	 4.613580 	 
39.799999 	 6.371000 	 4.702880 	 
39.900002 	 4.537400 	 4.538180 	 
40.000000 	 3.426300 	 4.351740 	 
40.099998 	 5.014600 	 4.861500 	 
40.200001 	 3.123500 	 4.494560 	 
40.299999 	 4.298100 	 4.079980 	 
40.400002 	 2.412200 	 3.654940 	 
40.500000 	 2.349100 	 3.439500 	 
40.599998 	 2.845300 	 3.005640 	 
40.700001 	 1.477000 	 2.676340 	 
40.799999 	 2.668300 	 2.350380 	 
40.900002 	 -1.522100 	 1.563520 	 
41.000000 	 -2.053200 	 0.683060 	 
41.099998 	 -0.070222 	 0.099956 	 
41.200001 	 -2.246400 	 -0.644724 	 
41.299999 	 -2.163100 	 -1.611004 	 
41.400002 	 -1.677600 	 -1.642104 	 
41.500000 	 -2.772800 	 -1.786024 	 
41.599998 	 -3.516100 	 -2.475200 	 
41.700001 	 -3.350800 	 -2.696080 	 
41.799999 	 -5.098600 	 -3.283180 	 
41.900002 	 -4.407900 	 -3.829240 	 
42.000000 	 -3.330700 	 -3.940820 	 
42.099998 	 -4.417200 	 -4.121040 	 
42.200001 	 -2.201000 	 -3.891080 	 
42.299999 	 -3.757800 	 -3.622920 	 
42.400002 	 -3.252100 	 -3.391760 	 
42.500000 	 -4.758000 	 -3.677220 	 
42.599998 	 -6.140100 	 -4.021800 	 
42.700001 	 -5.463700 	 -4.674340 	 
42.799999 	 -3.110200 	 -4.544820 	 
42.900002 	 -5.414800 	 -4.977360 	 
43.000000 	 -3.266100 	 -4.678980 	 
43.099998 	 -3.246500 	 -4.100260 	 
43.200001 	 -4.514300 	 -3.910380 	 
43.299999 	 -2.179600 	 -3.724260 	 
43.400002 	 -3.958600 	 -3.433020 	 
43.500000 	 -2.138300 	 -3.207460 	 
43.599998 	 -2.749100 	 -3.107980 	 
43.700001 	 -1.116700 	 -2.428460 	 
43.799999 	 -1.025600 	 -2.197660 	 
43.900002 	 -1.887800 	 -1.783500 	 
44.000000 	 1.155200 	 -1.124800 	 
44.099998 	 1.680300 	 -0.238920 	 
44.200001 	 1.506300 	 0.285680 	 
44.299999 	 1.233700 	 0.737540 	 
44.400002 	 0.136830 	 1.142466 	 
44.500000 	 1.605100 	 1.232446 	 
44.599998 	 3.196200 	 1.535626 	 
44.700001 	 3.416700 	 1.917706 	 
44.799999 	 3.604900 	 2.391946 	 
44.900002 	 4.119500 	 3.188480 	 
45.000000 	 5.419500 	 3.951360 	 
45.099998 	 5.455600 	 4.403240 	 
45.200001 	 3.060100 	 4.331920 	 
45.299999 	 4.843800 	 4.579700 	 
45.400002 	 2.917700 	 4.339340 	 
45.500000 	 6.998300 	 4.655100 	 
45.599998 	 6.572800 	 4.878540 	 
45.700001 	 6.206300 	 5.507780 	 
45.799999 	 5.146700 	 5.568360 	 
45.900002 	 5.431000 	 6.071020 	 
46.000000 	 4.152700 	 5.501900 	 
46.099998 	 5.278300 	 5.243000 	 
46.200001 	 3.616600 	 4.725060 	 
46.299999 	 2.098800 	 4.115480 	 
46.400002 	 4.218100 	 3.872900 	 
46.500000 	 4.539100 	 3.950180 	 
46.599998 	 3.073300 	 3.509180 	 
46.700001 	 -0.623910 	 2.661078 	 
46.799999 	 2.537900 	 2.748898 	 
46.900002 	 3.403800 	 2.586038 	 
47.000000 	 -1.448200 	 1.388578 	 
47.099998 	 1.686400 	 1.111198 	 
47.200001 	 0.706670 	 1.377314 	 
47.299999 	 -1.846800 	 0.500374 	 
47.400002 	 -1.980900 	 -0.576566 	 
47.500000 	 -4.159000 	 -1.118726 	 
47.599998 	 0.177950 	 -1.420416 	 
47.700001 	 -3.879000 	 -2.337550 	 
47.799999 	 -3.103800 	 -2.588950 	 
47.900002 	 -3.874200 	 -2.967610 	 
48.000000 	 -3.550600 	 -2.845930 	 
48.099998 	 -4.070400 	 -3.695600 	 
48.200001 	 -5.806000 	 -4.081000 	 
48.299999 	 -4.623400 	 -4.384920 	 
48.400002 	 -4.783800 	 -4.566840 	 
48.500000 	 -5.284000 	 -4.913520 	 
48.599998 	 -4.682700 	 -5.035980 	 
48.700001 	 -5.743000 	 -5.023380 	 
48.799999 	 -6.175400 	 -5.333780 	 
48.900002 	 -5.236100 	 -5.424240 	 
49.000000 	 -5.426100 	 -5.452661 	 
49.099998 	 -5.895000 	 -5.695120 	 
49.200001 	 -3.661000 	 -5.278720 	 
49.299999 	 -4.440100 	 -4.931660 	 
49.400002 	 -3.314700 	 -4.547380 	 
49.500000 	 -3.814100 	 -4.224980 	 
49.599998 	 -2.666900 	 -3.579360 	 
49.700001 	 -2.050600 	 -3.257280 	 
49.799999 	 -2.188400 	 -2.806940 	 
49.900002 	 -3.015100 	 -2.747020 	 
50.000000 	 -1.614000 	 -2.307000 	 
50.099998 	 -1.843200 	 -2.142260 	 
50.200001 	 0.159280 	 -1.700284 	 
50.299999 	 -0.242080 	 -1.311020 	 
50.400002 	 -0.053134 	 -0.718627 	 
50.500000 	 1.749300 	 -0.045967 	 
50.599998 	 2.564600 	 0.835593 	 
50.700001 	 0.939790 	 0.991695 	 
50.799999 	 2.526100 	 1.545331 	 
50.900002 	 3.494200 	 2.254798 	 
51.000000 	 3.273900 	 2.559718 	 
51.099998 	 5.560500 	 3.158898 	 
51.200001 	 3.753200 	 3.721580 	 
51.299999 	 4.900100 	 4.196380 	 
51.400002 	 3.320900 	 4.161720 	 
51.500000 	 4.022100 	 4.311360 	 
51.599998 	 5.300500 	 4.259360 	 
51.700001 	 5.609800 	 4.630680 	 
51.799999 	 5.291000 	 4.708860 	 
51.900002 	 7.161600 	 5.477000 	 
52.000000 	 4.427400 	 5.558061 	 
52.099998 	 4.261700 	 5.350300 	 
52.200001 	 5.706500 	 5.369640 	 
52.299999 	 3.651000 	 5.041640 	 
52.400002 	 6.442900 	 4.897901 	 
52.500000 	 3.380300 	 4.688480 	 
52.599998 	 3.305600 	 4.497260 	 
52.700001 	 4.376900 	 4.231340 	 
52.799999 	 2.068300 	 3.914800 	 
52.900002 	 3.365200 	 3.299260 	 
53.000000 	 2.771700 	 3.177540 	 
53.099998 	 0.436810 	 2.603782 	 
53.200001 	 1.862000 	 2.100802 	 
53.299999 	 0.876110 	 1.862364 	 
53.400002 	 -0.520490 	 1.085226 	 
53.500000 	 -1.094600 	 0.311966 	 
53.599998 	 -0.939620 	 0.036680 	 
53.700001 	 -1.200400 	 -0.575800 	 
53.799999 	 -2.741000 	 -1.299222 	 
53.900002 	 -2.050100 	 -1.605144 	 
54.000000 	 -2.917100 	 -1.969644 	 
54.099998 	 -4.033400 	 -2.588400 	 
54.200001 	 -4.579800 	 -3.264280 	 
54.299999 	 -4.457900 	 -3.607660 	 
54.400002 	 -4.993100 	 -4.196260 	 
54.500000 	 -3.367400 	 -4.286320 	 
54.599998 	 -5.783900 	 -4.636420 	 
54.700001 	 -4.675000 	 -4.655460 	 
54.799999 	 -4.400600 	 -4.644000 	 
54.900002 	 -5.953700 	 -4.836120 	 
55.000000 	 -4.630100 	 -5.088660 	 
55.099998 	 -5.445900 	 -5.021060 	 
55.200001 	 -5.760100 	 -5.238080 	 
55.299999 	 -6.203500 	 -5.598660 	 
55.400002 	 -5.510700 	 -5.510060 	 
55.500000 	 -2.618300 	 -5.107700 	 
55.599998 	 -5.634200 	 -5.145360 	 
55.700001 	 -4.405100 	 -4.874360 	 
55.799999 	 -4.558200 	 -4.545300 	 
55.900002 	 -2.259300 	 -3.895020 	 
56.000000 	 -3.525800 	 -4.076520 	 
56.099998 	 -2.612500 	 -3.472180 	 
56.200001 	 -0.985540 	 -2.788268 	 
56.299999 	 -0.299350 	 -1.936498 	 
56.400002 	 -1.833400 	 -1.851318 	 
56.500000 	 -0.434990 	 -1.233156 	 
56.599998 	 0.634830 	 -0.583690 	 
56.700001 	 0.743020 	 -0.237978 	 
56.799999 	 3.112300 	 0.444352 	 
56.900002 	 3.015700 	 1.414172 	 
57.000000 	 3.513900 	 2.203950 	 
57.099998 	 0.565100 	 2.190004 	 
57.200001 	 2.679600 	 2.577320 	 
57.299999 	 3.173500 	 2.589560 	 
57.400002 	 2.674100 	 2.521240 	 
57.500000 	 3.280600 	 2.474580 	 
57.599998 	 5.065900 	 3.374740 	 
57.700001 	 3.169400 	 3.472700 	 
57.799999 	 5.917500 	 4.021500 	 
57.900002 	 6.543400 	 4.795360 	 
58.000000 	 4.977600 	 5.134759 	 
58.099998 	 6.797000 	 5.480980 	 
58.200001 	 6.590800 	 6.165260 	 
58.299999 	 4.997500 	 5.981260 	 
58.400002 	 4.404400 	 5.553460 	 
58.500000 	 5.494400 	 5.656820 	 
58.599998 	 3.769300 	 5.051280 	 
58.700001 	 4.004500 	 4.534020 	 
58.799999 	 5.086800 	 4.551880 	 
58.900002 	 2.542100 	 4.179420 	 
59.000000 	 2.486300 	 3.577800 	 
59.099998 	 3.660700 	 3.556080 	 
59.200001 	 0.516360 	 2.858452 	 
59.299999 	 2.832900 	 2.407672 	 
59.400002 	 1.335700 	 2.166392 	 
59.500000 	 0.797680 	 1.828668 	 
59.599998 	 0.296810 	 1.155890 	 
59.700001 	 -0.436420 	 0.965334 	 
59.799999 	 -0.603280 	 0.278098 	 
59.900002 	 -1.503700 	 -0.289782 	 
60.000000 	 -2.312800 	 -0.911878 	 
60.099998 	 -0.982290 	 -1.167698 	 
60.200001 	 -2.443100 	 -1.569034 	 
60.299999 	 -2.406300 	 -1.929638 	 
60.400002 	 -2.693200 	 -2.167538 	 
60.500000 	 -3.793500 	 -2.463678 	 
60.599998 	 -4.305600 	 -3.128340 	 
60.700001 	 -3.802500 	 -3.400220 	 
60.799999 	 -4.781100 	 -3.875180 	 
60.900002 	 -4.159000 	 -4.168340 	 
61.000000 	 -5.919800 	 -4.593600 	 
61.099998 	 -4.906200 	 -4.713720 	 
61.200001 	 -4.871400 	 -4.927500 	 
61.299999 	 -3.616800 	 -4.694640 	 
61.400002 	 -3.203700 	 -4.503580 	 
61.500000 	 -5.084500 	 -4.336520 	 
61.599998 	 -5.387500 	 -4.432780 	 
61.700001 	 -5.571400 	 -4.572780 	 
61.799999 	 -4.866400 	 -4.822700 	 
61.900002 	 -4.011100 	 -4.984179 	 
62.000000 	 -4.942300 	 -4.955739 	 
62.099998 	 -3.818400 	 -4.641920 	 
62.200001 	 -2.402000 	 -4.008040 	 
62.299999 	 -1.110800 	 -3.256920 	 
62.400002 	 -1.110800 	 -2.676860 	 
62.500000 	 -2.263800 	 -2.141160 	 
62.599998 	 -3.148000 	 -2.007080 	 
62.700001 	 -1.055600 	 -1.737800 	 
62.799999 	 0.190050 	 -1.477630 	 
62.900002 	 0.390590 	 -1.177352 	 
63.000000 	 0.231620 	 -0.678268 	 
63.099998 	 0.761610 	 0.103654 	 
63.200001 	 2.242500 	 0.763274 	 
63.299999 	 3.641100 	 1.453484 	 
63.400002 	 3.317100 	 2.038786 	 
63.500000 	 0.907120 	 2.173886 	 
63.599998 	 2.632800 	 2.548124 	 
63.700001 	 2.737700 	 2.647164 	 
63.799999 	 3.211500 	 2.561244 	 
63.900002 	 5.767300 	 3.051284 	 
64.000000 	 4.963100 	 3.862480 	 
64.099998 	 4.796700 	 4.295260 	 
64.199997 	 4.778300 	 4.703380 	 
64.300003 	 3.073700 	 4.675820 	 
64.400002 	 4.705400 	 4.463440 	 
64.500000 	 4.366400 	 4.344100 	 
64.599998 	 4.739400 	 4.332640 	 
64.699997 	 3.984400 	 4.173860 	 
64.800003 	 5.272500 	 4.613620 	 
64.900002 	 4.067500 	 4.486040 	 
65.000000 	 4.385600 	 4.489881 	 
65.099998 	 4.411200 	 4.424240 	 
65.199997 	 3.525800 	 4.332520 	 
65.300003 	 3.148900 	 3.907800 	 
65.400002 	 3.625100 	 3.819320 	 
65.500000 	 3.209100 	 3.584020 	 
65.599998 	 0.559750 	 2.813730 	 
65.699997 	 0.078394 	 2.124249 	 
65.800003 	 2.222000 	 1.938869 	 
65.900002 	 0.089518 	 1.231752 	 
66.000000 	 0.034930 	 0.596918 	 
66.099998 	 -0.401010 	 0.404766 	 
66.199997 	 -1.366000 	 0.115888 	 
66.300003 	 -1.472700 	 -0.623052 	 
66.400002 	 -2.460600 	 -1.133076 	 
66.500000 	 -1.434700 	 -1.427002 	 
66.599998 	 -2.361800 	 -1.819160 	 
66.699997 	 -4.079700 	 -2.361900 	 
66.800003 	 -3.014500 	 -2.670260 	 
66.900002 	 -5.309500 	 -3.240040 	 
67.000000 	 -5.443600 	 -4.041820 	 
67.099998 	 -5.716500 	 -4.712760 	 
67.199997 	 -4.912700 	 -4.879360 	 
67.300003 	 -4.352400 	 -5.146940 	 
67.400002 	 -4.022700 	 -4.889580 	 
67.500000 	 -5.569200 	 -4.914700 	 
67.599998 	 -5.797500 	 -4.930900 	 
67.699997 	 -4.765000 	 -4.901360 	 
67.800003 	 -4.197200 	 -4.870320 	 
67.900002 	 -5.825400 	 -5.230860 	 
68.000000 	 -4.903200 	 -5.097660 	 
68.099998 	 -4.166100 	 -4.771380 	 
68.199997 	 -4.407500 	 -4.699880 	 
68.300003 	 -3.875100 	 -4.635460 	 
68.400002 	 -3.800900 	 -4.230560 	 
68.500000 	 -1.248200 	 -3.499560 	 
68.599998 	 -4.281400 	 -3.522620 	 
68.699997 	 -1.913700 	 -3.023860 	 
68.800003 	 0.230240 	 -2.202792 	 
68.900002 	 -1.417000 	 -1.726012 	 
69.000000 	 -0.368560 	 -1.550084 	 
69.099998 	 -2.096200 	 -1.113044 	 
69.199997 	 -1.199300 	 -0.970164 	 
69.300003 	 -0.554430 	 -1.127098 	 
69.400002 	 2.972500 	 -0.249198 	 
69.500000 	 2.650200 	 0.354554 	 
69.599998 	 1.808000 	 1.135394 	 
69.699997 	 3.021300 	 1.979514 	 
69.800003 	 5.066300 	 3.103660 	 
69.900002 	 2.668600 	 3.042880 	 
70.000000 	 4.347100 	 3.382260 	 
70.099998 	 4.979800 	 4.016620 	 
70.199997 	 3.195800 	 4.051520 	 
70.300003 	 3.406900 	 3.719640 	 
70.400002 	 5.142300 	 4.214380 	 
70.500000 	 5.521200 	 4.449201 	 
70.599998 	 3.551700 	 4.163580 	 
70.699997 	 6.073700 	 4.739160 	 
70.800003 	 4.542900 	 4.966360 	 
70.900002 	 3.047700 	 4.547440 	 
71.000000 	 4.981200 	 4.439440 	 
71.099998 	 5.870900 	 4.903280 	 
71.199997 	 4.088600 	 4.506260 	 
71.300003 	 5.491900 	 4.696060 	 
71.400002 	 4.528900 	 4.992301 	 
71.500000 	 2.075200 	 4.411100 	 
71.599998 	 2.205700 	 3.678060 	 
71.699997 	 2.596200 	 3.379580 	 
71.800003 	 3.399500 	 2.961100 	 
71.900002 	 2.255900 	 2.506500 	 
72.000000 	 -0.128440 	 2.065772 	 
72.099998 	 2.159600 	 2.056552 	 
72.199997 	 0.475710 	 1.632454 	 
72.300003 	 0.649860 	 1.082526 	 
72.400002 	 -1.300100 	 0.371326 	 
72.500000 	 -2.217400 	 -0.046466 	 
72.599998 	 -2.657500 	 -1.009886 	 
72.699997 	 -1.057900 	 -1.316608 	 
72.800003 	 -4.614100 	 -2.369400 	 
72.900002 	 -2.976000 	 -2.704580 	 
73.000000 	 -3.964500 	 -3.054000 	 
73.099998 	 -4.183600 	 -3.359220 	 
73.199997 	 -4.621700 	 -4.071980 	 
73.300003 	 -4.599100 	 -4.068980 	 
73.400002 	 -4.307500 	 -4.335280 	 
73.500000 	 -5.451500 	 -4.632680 	 
73.599998 	 -5.811300 	 -4.958220 	 
73.699997 	 -6.448500 	 -5.323580 	 
73.800003 	 -6.073200 	 -5.618400 	 
73.900002 	 -3.645100 	 -5.485920 	 
74.000000 	 -5.376100 	 -5.470840 	 
74.099998 	 -6.401600 	 -5.588900 	 
74.199997 	 -5.542800 	 -5.407760 	 
74.300003 	 -4.146200 	 -5.022360 	 
74.400002 	 -4.315100 	 -5.156360 	 
74.500000 	 -3.844100 	 -4.849960 	 
74.599998 	 -3.933000 	 -4.356240 	 
74.699997 	 -1.884300 	 -3.624540 	 
74.800003 	 -3.529000 	 -3.501100 	 
74.900002 	 -3.189400 	 -3.275960 	 
75.000000 	 -3.794000 	 -3.265940 	 
75.099998 	 -1.624400 	 -2.804220 	 
75.199997 	 -1.320700 	 -2.691500 	 
75.300003 	 0.050078 	 -1.975684 	 
75.400002 	 -0.547640 	 -1.447332 	 
75.500000 	 -0.654610 	 -0.819454 	 
75.599998 	 -0.971270 	 -0.688828 	 
75.699997 	 4.337900 	 0.442892 	 
75.800003 	 2.337000 	 0.900276 	 
75.900002 	 4.453000 	 1.900404 	 
76.000000 	 3.241300 	 2.679586 	 
76.099998 	 1.763300 	 3.226500 	 
76.199997 	 4.588400 	 3.276600 	 
76.300003 	 3.501500 	 3.509500 	 
76.400002 	 5.428100 	 3.704520 	 
76.500000 	 5.489900 	 4.154240 	 
76.599998 	 5.330700 	 4.867720 	 
76.699997 	 5.172300 	 4.984500 	 
76.800003 	 4.724600 	 5.229120 	 
76.900002 	 6.824100 	 5.508320 	 
77.000000 	 4.864800 	 5.383300 	 
77.099998 	 3.735000 	 5.064160 	 
77.199997 	 3.603200 	 4.750340 	 
77.300003 	 4.873500 	 4.780120 	 
77.400002 	 3.722700 	 4.159840 	 
77.500000 	 2.700200 	 3.726920 	 
77.599998 	 3.699600 	 3.719840 	 
77.699997 	 4.363100 	 3.871820 	 
77.800003 	 4.335000 	 3.764120 	 
77.900002 	 2.905700 	 3.600720 	 
78.000000 	 1.840000 	 3.428680 	 
78.099998 	 1.631900 	 3.015140 	 
78.199997 	 0.183940 	 2.179308 	 
78.300003 	 1.407500 	 1.593808 	 
78.400002 	 -0.074548 	 0.997758 	 
78.500000 	 -0.438100 	 0.542138 	 
78.599998 	 -0.776150 	 0.060528 	 
78.699997 	 -1.071200 	 -0.190500 	 
78.800003 	 -0.914850 	 -0.654970 	 
78.900002 	 -1.814400 	 -1.002940 	 
79.000000 	 -1.001400 	 -1.115600 	 
79.099998 	 -3.046000 	 -1.569570 	 
79.199997 	 -2.519100 	 -1.859150 	 
79.300003 	 -4.570400 	 -2.590260 	 
79.400002 	 -4.992500 	 -3.225880 	 
79.500000 	 -6.009600 	 -4.227520 	 
79.599998 	 -4.897700 	 -4.597860 	 
79.699997 	 -4.641200 	 -5.022280 	 
79.800003 	 -5.017700 	 -5.111740 	 
79.900002 	 -4.536400 	 -5.020520 	 
80.000000 	 -4.694100 	 -4.757420 	 
80.099998 	 -6.068100 	 -4.991500 	 
80.199997 	 -3.369700 	 -4.737200 	 
80.300003 	 -3.836700 	 -4.501000 	 
80.400002 	 -4.085200 	 -4.410760 	 
80.500000 	 -5.003200 	 -4.472580 	 
80.599998 	 -2.967800 	 -3.852520 	 
80.699997 	 -3.478500 	 -3.874280 	 
80.800003 	 -2.696700 	 -3.646280 	 
80.900002 	 -4.269700 	 -3.683180 	 
81.000000 	 -1.937900 	 -3.070120 	 
81.099998 	 -2.939100 	 -3.064380 	 
81.199997 	 -3.030800 	 -2.974840 	 
81.300003 	 -2.871500 	 -3.009800 	 
81.400002 	 -2.111300 	 -2.578120 	 
81.500000 	 -2.510300 	 -2.692600 	 
81.599998 	 -1.014500 	 -2.307680 	 
81.699997 	 -0.866830 	 -1.874886 	 
81.800003 	 1.488700 	 -1.002846 	 
81.900002 	 2.608100 	 -0.058966 	 
82.000000 	 1.036800 	 0.650454 	 
82.099998 	 1.894600 	 1.232274 	 
82.199997 	 1.544900 	 1.714620 	 
82.300003 	 3.936700 	 2.204220 	 
82.400002 	 1.925500 	 2.067700 	 
82.500000 	 5.023300 	 2.865000 	 
82.599998 	 4.620000 	 3.410080 	 
82.699997 	 2.348100 	 3.570720 	 
82.800003 	 3.948100 	 3.573000 	 
82.900002 	 4.285300 	 4.044960 	 
83.000000 	 5.366900 	 4.113680 	 
83.099998 	 6.181500 	 4.425980 	 
83.199997 	 4.924900 	 4.941340 	 
83.300003 	 4.421400 	 5.036000 	 
83.400002 	 2.351800 	 4.649300 	 
83.500000 	 4.235200 	 4.422960 	 
83.599998 	 5.816300 	 4.349920 	 
83.699997 	 3.769000 	 4.118740 	 
83.800003 	 4.856200 	 4.205700 	 
83.900002 	 4.367000 	 4.608740 	 
84.000000 	 2.128800 	 4.187460 	 
84.099998 	 3.069000 	 3.638000 	 
84.199997 	 3.760300 	 3.636260 	 
84.300003 	 2.979200 	 3.260860 	 
84.400002 	 2.690800 	 2.925620 	 
84.500000 	 1.637500 	 2.827360 	 
84.599998 	 0.172690 	 2.248098 	 
84.699997 	 1.085900 	 1.713218 	 
84.800003 	 0.300220 	 1.177422 	 
84.900002 	 -0.667090 	 0.505844 	 
85.000000 	 -2.420600 	 -0.305776 	 
85.099998 	 -1.343600 	 -0.609034 	 
85.199997 	 -2.695900 	 -1.365394 	 
85.300003 	 -0.676880 	 -1.560814 	 
85.400002 	 -2.270300 	 -1.881456 	 
85.500000 	 -1.324300 	 -1.662196 	 
85.599998 	 -3.399400 	 -2.073356 	 
85.699997 	 -4.128900 	 -2.359956 	 
85.800003 	 -4.730700 	 -3.170720 	 
85.900002 	 -4.978700 	 -3.712400 	 
86.000000 	 -5.013500 	 -4.450240 	 
86.099998 	 -3.387400 	 -4.447840 	 
86.199997 	 -6.059900 	 -4.834040 	 
86.300003 	 -4.257200 	 -4.739340 	 
86.400002 	 -5.109000 	 -4.765400 	 
86.500000 	 -3.479100 	 -4.458520 	 
86.599998 	 -6.258300 	 -5.032700 	 
86.699997 	 -4.457400 	 -4.712200 	 
86.800003 	 -5.618900 	 -4.984540 	 
86.900002 	 -4.903500 	 -4.943439 	 
87.000000 	 -4.141300 	 -5.075880 	 
87.099998 	 -4.300500 	 -4.684320 	 
87.199997 	 -3.096500 	 -4.412140 	 
87.300003 	 -3.067800 	 -3.901920 	 
87.400002 	 -2.351200 	 -3.391460 	 
87.500000 	 -3.695100 	 -3.302220 	 
87.599998 	 -2.135800 	 -2.869280 	 
87.699997 	 -1.830700 	 -2.616120 	 
87.800003 	 -0.853410 	 -2.173242 	 
87.900002 	 -0.388390 	 -1.780680 	 
88.000000 	 0.987570 	 -0.844146 	 
88.099998 	 0.795850 	 -0.257816 	 
88.199997 	 2.379100 	 0.584144 	 
88.300003 	 2.802400 	 1.315306 	 
88.400002 	 0.693390 	 1.531662 	 
88.500000 	 1.389400 	 1.612028 	 
88.599998 	 2.151000 	 1.883058 	 
88.699997 	 3.529100 	 2.113058 	 
88.800003 	 2.499100 	 2.052398 	 
88.900002 	 4.259000 	 2.765520 	 
89.000000 	 4.690300 	 3.425700 	 
89.099998 	 4.385800 	 3.872660 	 
89.199997 	 4.300700 	 4.026980 	 
89.300003 	 6.514300 	 4.830020 	 
89.400002 	 4.676800 	 4.913580 	 
89.500000 	 5.703300 	 5.116179 	 
89.599998 	 4.446200 	 5.128260 	 
89.699997 	 6.140700 	 5.496260 	 
89.800003 	 2.916200 	 4.776640 	 
89.900002 	 4.160500 	 4.673380 	 
90.000000 	 4.473500 	 4.427420 	 
90.099998 	 2.231300 	 3.984440 	 
90.199997 	 7.027500 	 4.161800 	 
90.300003 	 3.388100 	 4.256180 	 
90.400002 	 5.461300 	 4.516340 	 
90.500000 	 3.501500 	 4.321940 	 
90.599998 	 2.319700 	 4.339620 	 
90.699997 	 0.495550 	 3.033230 	 
90.800003 	 0.976080 	 2.550826 	 
90.900002 	 1.263600 	 1.711286 	 
91.000000 	 -1.498400 	 0.711306 	 
91.099998 	 -0.538100 	 0.139746 	 
91.199997 	 0.115750 	 0.063786 	 
91.300003 	 -0.178740 	 -0.167178 	 
91.400002 	 -1.571200 	 -0.734138 	 
91.500000 	 -3.135000 	 -1.061458 	 
91.599998 	 -3.705200 	 -1.694878 	 
91.699997 	 -2.747100 	 -2.267448 	 
91.800003 	 -3.043600 	 -2.840420 	 
91.900002 	 -1.778200 	 -2.881820 	 
92.000000 	 -3.443700 	 -2.943560 	 
92.099998 	 -4.152900 	 -3.033100 	 
92.199997 	 -4.335300 	 -3.350740 	 
92.300003 	 -4.902000 	 -3.722420 	 
92.400002 	 -5.438100 	 -4.454400 	 
92.500000 	 -3.981900 	 -4.562040 	 
92.599998 	 -5.165600 	 -4.764580 	 
92.699997 	 -4.742600 	 -4.846040 	 
92.800003 	 -4.628700 	 -4.791379 	 
92.900002 	 -5.752900 	 -4.854340 	 
93.000000 	 -5.759900 	 -5.209940 	 
93.099998 	 -5.106000 	 -5.198020 	 
93.199997 	 -6.506200 	 -5.550740 	 
93.300003 	 -3.469100 	 -5.318820 	 
93.400002 	 -2.955800 	 -4.759400 	 
93.500000 	 -2.066300 	 -4.020680 	 
93.599998 	 -4.611600 	 -3.921800 	 
93.699997 	 -1.435400 	 -2.907640 	 
93.800003 	 -3.647100 	 -2.943240 	 
93.900002 	 -2.353600 	 -2.822800 	 
94.000000 	 -1.446900 	 -2.698920 	 
94.099998 	 -2.435700 	 -2.263740 	 
94.199997 	 0.287740 	 -1.919112 	 
94.300003 	 0.264590 	 -1.136774 	 
94.400002 	 0.669330 	 -0.532188 	 
94.500000 	 -0.243650 	 -0.291538 	 
94.599998 	 2.216200 	 0.638842 	 
94.699997 	 1.766600 	 0.934614 	 
94.800003 	 4.083600 	 1.698416 	 
94.900002 	 4.420600 	 2.448670 	 
95.000000 	 3.288000 	 3.155000 	 
95.099998 	 3.949700 	 3.501700 	 
95.199997 	 5.260800 	 4.200540 	 
95.300003 	 5.666800 	 4.517180 	 
95.400002 	 4.671000 	 4.567260 	 
95.500000 	 7.080600 	 5.325780 	 
95.599998 	 5.715200 	 5.678880 	 
95.699997 	 6.267800 	 5.880280 	 
95.800003 	 4.537400 	 5.654399 	 
95.900002 	 3.550700 	 5.430340 	 
96.000000 	 5.998100 	 5.213840 	 
96.099998 	 5.415900 	 5.153980 	 
96.199997 	 5.356500 	 4.971720 	 
96.300003 	 3.609300 	 4.786100 	 
96.400002 	 3.567100 	 4.789380 	 
96.500000 	 4.985200 	 4.586800 	 
96.599998 	 3.139200 	 4.131460 	 
96.699997 	 4.724800 	 4.005120 	 
96.800003 	 1.994800 	 3.682220 	 
96.900002 	 4.297400 	 3.828280 	 
97.000000 	 0.163590 	 2.863958 	 
97.099998 	 -1.010900 	 2.033938 	 
97.199997 	 1.150900 	 1.319158 	 
97.300003 	 2.269600 	 1.374118 	 
97.400002 	 0.974500 	 0.709538 	 
97.500000 	 0.563770 	 0.789574 	 
97.599998 	 -1.267200 	 0.738314 	 
97.699997 	 -1.333200 	 0.241494 	 
97.800003 	 -1.704500 	 -0.553326 	 
97.900002 	 -3.678800 	 -1.483986 	 
98.000000 	 -1.246100 	 -1.845960 	 
98.099998 	 -3.641200 	 -2.320760 	 
98.199997 	 -3.157600 	 -2.685640 	 
98.300003 	 -4.297400 	 -3.204220 	 
98.400002 	 -2.379700 	 -2.944400 	 
98.500000 	 -2.950800 	 -3.285340 	 
98.599998 	 -3.959700 	 -3.349040 	 
98.699997 	 -5.225100 	 -3.762540 	 
98.800003 	 -6.214100 	 -4.145880 	 
98.900002 	 -4.689600 	 -4.607860 	 
99.000000 	 -3.862300 	 -4.790160 	 
99.099998 	 -5.086300 	 -5.015480 	 
99.199997 	 -6.314400 	 -5.233340 	 
99.300003 	 -2.694100 	 -4.529340 	 
99.400002 	 -5.776500 	 -4.746720 	 
99.500000 	 -2.695200 	 -4.513300 	 
99.599998 	 -3.246800 	 -4.145400 	 
99.699997 	 -3.434900 	 -3.569500 	 
99.800003 	 -3.223300 	 -3.675340 	 
99.900002 	 -2.541900 	 -3.028420 	 
100.000000 	 -2.949300 	 -3.079240 	 
