0.000000 	 -0.275940 	 -0.275940 	 
0.100000 	 0.683070 	 0.683070 	 
0.200000 	 0.037993 	 0.037993 	 
0.300000 	 2.857600 	 2.857600 	 
0.400000 	 2.869800 	 2.869800 	 
0.500000 	 3.218300 	 3.218300 	 
0.600000 	 3.508400 	 3.508400 	 
0.700000 	 3.854200 	 3.854200 	 
0.800000 	 4.128100 	 4.128100 	 
0.900000 	 3.274900 	 3.274900 	 
1.000000 	 3.344400 	 3.344400 	 
1.100000 	 2.214000 	 2.214000 	 
1.200000 	 5.258300 	 5.258300 	 
1.300000 	 4.642500 	 4.642500 	 
1.400000 	 4.463200 	 4.463200 	 
1.500000 	 5.566200 	 5.566200 	 
1.600000 	 8.322400 	 8.322400 	 
1.700000 	 3.257900 	 3.257900 	 
1.800000 	 3.052600 	 3.052600 	 
1.900000 	 4.068400 	 4.068400 	 
2.000000 	 4.257900 	 4.257900 	 
2.100000 	 2.910700 	 2.910700 	 
2.200000 	 2.062300 	 2.062300 	 
2.300000 	 2.206100 	 2.206100 	 
2.400000 	 4.546000 	 4.546000 	 
2.500000 	 1.799500 	 1.799500 	 
2.600000 	 1.845300 	 1.845300 	 
2.700000 	 0.810960 	 0.810960 	 
2.800000 	 2.950800 	 2.950800 	 
2.900000 	 0.124140 	 0.124140 	 
3.000000 	 0.235530 	 0.235530 	 
3.100000 	 -2.103400 	 -2.103400 	 
3.200000 	 0.114450 	 0.114450 	 
3.300000 	 -1.283900 	 -1.283900 	 
3.400000 	 -1.315900 	 -1.315900 	 
3.500000 	 1.102400 	 1.102400 	 
3.600000 	 -3.172800 	 -3.172800 	 
3.700000 	 -0.992930 	 -0.992930 	 
3.800000 	 -3.172200 	 -3.172200 	 
3.900000 	 -1.763500 	 -1.763500 	 
4.000000 	 -4.533800 	 -4.533800 	 
4.100000 	 -1.692800 	 -1.692800 	 
4.200000 	 -5.885700 	 -5.885700 	 
4.300000 	 -3.463600 	 -3.463600 	 
4.400000 	 -4.026400 	 -4.026400 	 
4.500000 	 -5.371500 	 -5.371500 	 
4.600000 	 -4.459100 	 -4.459100 	 
4.700000 	 -2.907800 	 -2.907800 	 
4.800000 	 -4.961800 	 -4.961800 	 
4.900000 	 -3.761900 	 -3.761900 	 
5.000000 	 -3.987300 	 0.694640 	 
5.100000 	 -5.896500 	 0.563049 	 
5.200000 	 -5.502600 	 0.452237 	 
5.300000 	 -3.645200 	 0.322181 	 
5.400000 	 -5.184600 	 0.161093 	 
5.500000 	 -4.109600 	 0.014535 	 
5.600000 	 -3.161000 	 -0.118853 	 
5.700000 	 -3.901000 	 -0.273957 	 
5.800000 	 -1.190800 	 -0.380335 	 
5.900000 	 -1.606100 	 -0.477955 	 
6.000000 	 -1.957200 	 -0.583987 	 
6.100000 	 -0.867010 	 -0.645607 	 
6.200000 	 -0.939910 	 -0.769572 	 
6.300000 	 0.167520 	 -0.859071 	 
6.400000 	 2.308700 	 -0.902161 	 
6.500000 	 -1.092100 	 -1.035327 	 
6.600000 	 -0.235520 	 -1.206485 	 
6.700000 	 1.855500 	 -1.234533 	 
6.800000 	 3.098500 	 -1.233616 	 
6.900000 	 2.750800 	 -1.259968 	 
7.000000 	 3.825700 	 -1.268612 	 
7.100000 	 3.466300 	 -1.257500 	 
7.200000 	 2.874100 	 -1.241264 	 
7.300000 	 4.074500 	 -1.203895 	 
7.400000 	 5.440700 	 -1.186002 	 
7.500000 	 5.438900 	 -1.113214 	 
7.600000 	 5.062700 	 -1.048865 	 
7.700000 	 4.102400 	 -0.983037 	 
7.800000 	 5.320300 	 -0.935647 	 
7.900000 	 4.809700 	 -0.841935 	 
8.000000 	 4.235300 	 -0.761940 	 
8.100000 	 4.234100 	 -0.635190 	 
8.200000 	 6.887000 	 -0.499739 	 
8.300000 	 5.805800 	 -0.357945 	 
8.400000 	 4.891800 	 -0.233791 	 
8.500000 	 5.289000 	 -0.150059 	 
8.600000 	 3.916000 	 -0.008283 	 
8.700000 	 2.109100 	 0.053757 	 
8.800000 	 2.079700 	 0.158795 	 
8.900000 	 0.335760 	 0.200780 	 
9.000000 	 1.727900 	 0.326014 	 
9.100000 	 2.291000 	 0.405690 	 
9.200000 	 0.484920 	 0.533103 	 
9.300000 	 0.096449 	 0.604304 	 
9.400000 	 0.447220 	 0.693776 	 
9.500000 	 -0.946460 	 0.782277 	 
9.600000 	 -2.175700 	 0.827945 	 
9.700000 	 -2.076600 	 0.844569 	 
9.800000 	 -1.358600 	 0.916633 	 
9.900000 	 -3.312900 	 0.925613 	 
10.000000 	 -2.279900 	 0.959761 	 
10.100000 	 -2.813200 	 1.021427 	 
10.200000 	 -2.455500 	 1.082369 	 
10.300000 	 -3.744500 	 1.080383 	 
10.400000 	 -3.147200 	 1.121131 	 
10.500000 	 -4.937100 	 1.104581 	 
10.600000 	 -3.620000 	 1.095402 	 
10.700000 	 -4.397500 	 1.085472 	 
10.800000 	 -6.535000 	 0.978588 	 
10.900000 	 -3.862800 	 0.933454 	 
11.000000 	 -5.137100 	 0.869855 	 
11.100000 	 -6.014400 	 0.766908 	 
11.200000 	 -4.283500 	 0.700036 	 
11.300000 	 -4.311100 	 0.610464 	 
11.400000 	 -4.266100 	 0.478968 	 
11.500000 	 -4.862100 	 0.403568 	 
11.600000 	 -3.453300 	 0.339212 	 
11.700000 	 -5.147600 	 0.199150 	 
11.800000 	 -4.097000 	 0.055240 	 
11.900000 	 -1.332000 	 -0.026416 	 
12.000000 	 -3.051200 	 -0.163954 	 
12.100000 	 -0.982860 	 -0.252937 	 
12.200000 	 -1.487800 	 -0.340175 	 
12.300000 	 -1.868000 	 -0.459025 	 
12.400000 	 -1.142900 	 -0.590697 	 
12.500000 	 -0.358470 	 -0.706645 	 
12.600000 	 -0.337880 	 -0.814656 	 
12.700000 	 2.141900 	 -0.853866 	 
12.800000 	 0.262800 	 -0.955016 	 
12.900000 	 0.564890 	 -1.039913 	 
13.000000 	 2.552100 	 -1.073576 	 
13.100000 	 2.975700 	 -1.098744 	 
13.200000 	 4.256000 	 -1.151364 	 
13.300000 	 0.719650 	 -1.253087 	 
13.400000 	 3.524800 	 -1.280427 	 
13.500000 	 4.380200 	 -1.298604 	 
13.600000 	 3.370000 	 -1.309523 	 
13.700000 	 3.954500 	 -1.272615 	 
13.800000 	 5.423800 	 -1.205734 	 
13.900000 	 5.486700 	 -1.102715 	 
14.000000 	 5.236300 	 -1.032547 	 
14.100000 	 3.514200 	 -1.008083 	 
14.200000 	 5.624700 	 -0.905287 	 
14.300000 	 5.172500 	 -0.803766 	 
14.400000 	 6.507700 	 -0.682557 	 
14.500000 	 5.375100 	 -0.556125 	 
14.600000 	 3.165600 	 -0.449299 	 
14.700000 	 4.865800 	 -0.310451 	 
14.800000 	 3.849500 	 -0.206289 	 
14.900000 	 3.558000 	 -0.068871 	 
15.000000 	 3.292500 	 0.042577 	 
15.100000 	 2.600000 	 0.150841 	 
15.200000 	 2.012100 	 0.240193 	 
15.300000 	 1.184200 	 0.338767 	 
15.400000 	 -0.215070 	 0.397409 	 
15.500000 	 1.770900 	 0.531570 	 
15.600000 	 -1.414600 	 0.575677 	 
15.700000 	 1.793100 	 0.699489 	 
15.800000 	 -1.094900 	 0.808291 	 
15.900000 	 -1.173800 	 0.862071 	 
16.000000 	 -1.876300 	 0.927287 	 
16.100000 	 -1.553400 	 1.016508 	 
16.200001 	 -2.381900 	 1.054540 	 
16.299999 	 -4.189800 	 1.056965 	 
16.400000 	 -5.514500 	 1.031997 	 
16.500000 	 -3.798300 	 1.053273 	 
16.600000 	 -4.035200 	 1.041635 	 
16.700001 	 -2.717500 	 1.090237 	 
16.799999 	 -4.864700 	 1.074883 	 
16.900000 	 -4.372000 	 1.014083 	 
17.000000 	 -4.189800 	 0.991311 	 
17.100000 	 -6.339400 	 0.884180 	 
17.200001 	 -4.248700 	 0.828962 	 
17.299999 	 -5.137800 	 0.763566 	 
17.400000 	 -6.172700 	 0.662970 	 
17.500000 	 -5.001600 	 0.570108 	 
17.600000 	 -5.236400 	 0.472137 	 
17.700001 	 -2.324300 	 0.382813 	 
17.799999 	 -4.633200 	 0.284893 	 
17.900000 	 -3.388300 	 0.205830 	 
18.000000 	 -2.585700 	 0.103073 	 
18.100000 	 -2.019100 	 0.003178 	 
18.200001 	 -4.509300 	 -0.172128 	 
18.299999 	 -3.280400 	 -0.252129 	 
18.400000 	 -3.867700 	 -0.399979 	 
18.500000 	 -1.788800 	 -0.523359 	 
18.600000 	 -0.378370 	 -0.598327 	 
18.700001 	 -0.446570 	 -0.686348 	 
18.799999 	 -1.329400 	 -0.821412 	 
18.900000 	 2.079700 	 -0.889552 	 
19.000000 	 0.140100 	 -0.991476 	 
19.100000 	 2.668600 	 -1.008388 	 
19.200001 	 1.724200 	 -1.086398 	 
19.299999 	 3.167800 	 -1.126492 	 
19.400000 	 3.404200 	 -1.188562 	 
19.500000 	 6.331900 	 -1.169426 	 
19.600000 	 3.547100 	 -1.161796 	 
19.700001 	 3.088600 	 -1.197340 	 
19.799999 	 5.342200 	 -1.167486 	 
19.900000 	 4.020200 	 -1.158242 	 
20.000000 	 4.160300 	 -1.140886 	 
20.100000 	 4.485600 	 -1.103174 	 
20.200001 	 4.663300 	 -1.050150 	 
20.299999 	 5.339700 	 -0.967040 	 
20.400000 	 5.863800 	 -0.845463 	 
20.500000 	 3.875300 	 -0.803375 	 
20.600000 	 5.684300 	 -0.661397 	 
20.700001 	 3.888900 	 -0.619481 	 
20.799999 	 3.763200 	 -0.522319 	 
20.900000 	 1.259900 	 -0.473645 	 
21.000000 	 4.380700 	 -0.348505 	 
21.100000 	 4.789900 	 -0.221639 	 
21.200001 	 3.630200 	 -0.101397 	 
21.299999 	 3.276400 	 0.047927 	 
21.400000 	 2.775800 	 0.213733 	 
21.500000 	 3.067200 	 0.351043 	 
21.600000 	 2.686000 	 0.485467 	 
21.700001 	 1.760400 	 0.575025 	 
21.799999 	 0.956230 	 0.691444 	 
21.900000 	 -1.009100 	 0.758702 	 
22.000000 	 0.617630 	 0.854850 	 
22.100000 	 -1.901500 	 0.943608 	 
22.200001 	 -1.595800 	 0.996666 	 
22.299999 	 -2.566100 	 1.048100 	 
22.400000 	 -1.452600 	 1.142502 	 
22.500000 	 -3.729500 	 1.167944 	 
22.600000 	 -3.075100 	 1.211170 	 
22.700001 	 -2.795000 	 1.201756 	 
22.799999 	 -2.601100 	 1.242398 	 
22.900000 	 -4.615600 	 1.217852 	 
23.000000 	 -4.095300 	 1.187660 	 
23.100000 	 -5.150300 	 1.125036 	 
23.200001 	 -5.920700 	 1.096809 	 
23.299999 	 -4.030900 	 1.081798 	 
23.400000 	 -4.525900 	 1.068634 	 
23.500000 	 -4.094800 	 1.022515 	 
23.600000 	 -5.647700 	 0.917128 	 
23.700001 	 -3.896300 	 0.848133 	 
23.799999 	 -6.031900 	 0.754083 	 
23.900000 	 -4.386300 	 0.624763 	 
24.000000 	 -4.142000 	 0.539121 	 
24.100000 	 -6.010900 	 0.365531 	 
24.200001 	 -3.235700 	 0.266333 	 
24.299999 	 -2.083300 	 0.161311 	 
24.400000 	 -2.105000 	 0.051127 	 
24.500000 	 -2.998700 	 -0.135485 	 
24.600000 	 -2.260300 	 -0.251633 	 
24.700001 	 -2.434500 	 -0.362095 	 
24.799999 	 -2.538900 	 -0.519717 	 
24.900000 	 -1.798100 	 -0.636083 	 
25.000000 	 -0.296400 	 -0.725217 	 
25.100000 	 -0.381210 	 -0.822553 	 
25.200001 	 2.489100 	 -0.866037 	 
25.299999 	 1.265500 	 -0.947521 	 
25.400000 	 1.726000 	 -1.030277 	 
25.500000 	 1.562000 	 -1.076543 	 
25.600000 	 2.177500 	 -1.146679 	 
25.700001 	 1.757800 	 -1.189301 	 
25.799999 	 4.366800 	 -1.177229 	 
25.900000 	 2.438900 	 -1.153649 	 
26.000000 	 3.426800 	 -1.172727 	 
26.100000 	 3.461700 	 -1.199291 	 
26.200001 	 5.973900 	 -1.152417 	 
26.299999 	 5.484900 	 -1.108247 	 
26.400000 	 4.517600 	 -1.073411 	 
26.500000 	 4.864200 	 -1.037471 	 
26.600000 	 5.376500 	 -0.983661 	 
26.700001 	 4.497100 	 -0.928927 	 
26.799999 	 4.203600 	 -0.863980 	 
26.900000 	 5.755200 	 -0.728694 	 
27.000000 	 5.261200 	 -0.635822 	 
27.100000 	 5.065600 	 -0.496480 	 
27.200001 	 5.652400 	 -0.351517 	 
27.299999 	 3.045200 	 -0.239291 	 
27.400000 	 4.425700 	 -0.121725 	 
27.500000 	 4.655800 	 0.045981 	 
27.600000 	 4.584100 	 0.199166 	 
27.700001 	 2.878200 	 0.312629 	 
27.799999 	 2.190500 	 0.408461 	 
27.900000 	 2.569600 	 0.552165 	 
28.000000 	 0.588540 	 0.645842 	 
28.100000 	 -1.431100 	 0.720226 	 
28.200001 	 0.795160 	 0.854543 	 
28.299999 	 -0.538330 	 0.924395 	 
28.400000 	 -0.909520 	 0.996723 	 
28.500000 	 -1.296100 	 1.052696 	 
28.600000 	 -1.426700 	 1.137116 	 
28.700001 	 -1.578500 	 1.183472 	 
28.799999 	 -3.537400 	 1.233362 	 
28.900000 	 -3.253900 	 1.256010 	 
29.000000 	 -4.216000 	 1.254530 	 
29.100000 	 -3.590600 	 1.302936 	 
29.200001 	 -5.064900 	 1.266352 	 
29.299999 	 -5.393400 	 1.200150 	 
29.400000 	 -4.967500 	 1.142901 	 
29.500000 	 -4.693400 	 1.109007 	 
29.600000 	 -5.802100 	 1.038171 	 
29.700001 	 -5.118000 	 0.984501 	 
29.799999 	 -5.471100 	 0.925857 	 
29.900000 	 -4.251400 	 0.876791 	 
30.000000 	 -4.278300 	 0.797153 	 
30.100000 	 -3.594600 	 0.732885 	 
30.200001 	 -6.298000 	 0.557143 	 
30.299999 	 -5.916200 	 0.413509 	 
30.400000 	 -2.286300 	 0.333263 	 
30.500000 	 -4.598000 	 0.210063 	 
30.600000 	 -3.551500 	 0.095483 	 
30.700001 	 -2.654000 	 0.007247 	 
30.799999 	 -2.971600 	 -0.139521 	 
30.900000 	 -3.955900 	 -0.267417 	 
31.000000 	 -2.091200 	 -0.377777 	 
31.100000 	 -2.045300 	 -0.487917 	 
31.200001 	 0.880040 	 -0.589795 	 
31.299999 	 1.060700 	 -0.678279 	 
31.400000 	 0.260180 	 -0.763427 	 
31.500000 	 -0.185890 	 -0.864429 	 
31.600000 	 1.018100 	 -0.951597 	 
31.700001 	 1.641300 	 -1.008713 	 
31.799999 	 0.792500 	 -1.076935 	 
31.900000 	 3.258500 	 -1.126869 	 
32.000000 	 2.586000 	 -1.180373 	 
32.099998 	 1.740300 	 -1.246879 	 
32.200001 	 2.532500 	 -1.309277 	 
32.299999 	 4.984300 	 -1.270494 	 
32.400002 	 4.082700 	 -1.277354 	 
32.500000 	 5.866900 	 -1.253132 	 
32.599998 	 4.171200 	 -1.261390 	 
32.700001 	 4.880500 	 -1.221344 	 
32.799999 	 2.820400 	 -1.208746 	 
32.900002 	 5.251300 	 -1.155112 	 
33.000000 	 3.281700 	 -1.101249 	 
33.099998 	 3.913400 	 -0.994359 	 
33.200001 	 5.246100 	 -0.905340 	 
33.299999 	 6.405900 	 -0.766456 	 
33.400002 	 4.421000 	 -0.659845 	 
33.500000 	 4.353800 	 -0.546848 	 
33.599998 	 5.288100 	 -0.412552 	 
33.700001 	 3.944200 	 -0.302098 	 
33.799999 	 3.335400 	 -0.164642 	 
33.900002 	 2.905500 	 -0.041454 	 
34.000000 	 1.935200 	 0.081570 	 
34.099998 	 2.664700 	 0.206676 	 
34.200001 	 1.498200 	 0.337938 	 
34.299999 	 1.391000 	 0.473626 	 
34.400002 	 2.340500 	 0.619786 	 
34.500000 	 -0.584690 	 0.701961 	 
34.599998 	 -0.767400 	 0.802655 	 
34.700001 	 -0.272310 	 0.899568 	 
34.799999 	 -0.782430 	 0.993342 	 
34.900002 	 -1.428200 	 1.049806 	 
35.000000 	 -0.358660 	 1.128199 	 
35.099998 	 -3.522500 	 1.129641 	 
35.200001 	 -3.232200 	 1.190957 	 
35.299999 	 -3.976500 	 1.229751 	 
35.400002 	 -4.550900 	 1.184459 	 
35.500000 	 -4.428100 	 1.187856 	 
35.599998 	 -2.427000 	 1.210347 	 
35.700001 	 -5.308500 	 1.157256 	 
35.799999 	 -4.304400 	 1.130601 	 
35.900002 	 -6.140200 	 1.086915 	 
36.000000 	 -5.826900 	 1.012201 	 
36.099998 	 -4.102300 	 0.971061 	 
36.200001 	 -5.542500 	 0.842610 	 
36.299999 	 -5.246900 	 0.716458 	 
36.400002 	 -5.402200 	 0.603210 	 
36.500000 	 -3.536500 	 0.536198 	 
36.599998 	 -6.227300 	 0.391290 	 
36.700001 	 -3.982500 	 0.278814 	 
36.799999 	 -4.584500 	 0.171274 	 
36.900002 	 -3.095000 	 0.044204 	 
37.000000 	 -4.845900 	 -0.104434 	 
37.099998 	 -1.021800 	 -0.159676 	 
37.200001 	 -2.802500 	 -0.266376 	 
37.299999 	 0.096356 	 -0.364135 	 
37.400002 	 -2.145500 	 -0.488699 	 
37.500000 	 -1.938400 	 -0.644805 	 
37.599998 	 -0.193530 	 -0.732099 	 
37.700001 	 -0.998040 	 -0.849670 	 
37.799999 	 0.806130 	 -0.889955 	 
37.900002 	 1.439800 	 -0.966185 	 
38.000000 	 1.905400 	 -0.993712 	 
38.099998 	 2.050600 	 -1.030967 	 
38.200001 	 2.357100 	 -1.088747 	 
38.299999 	 2.070500 	 -1.175455 	 
38.400002 	 2.562200 	 -1.212631 	 
38.500000 	 5.209100 	 -1.195525 	 
38.599998 	 1.809700 	 -1.265093 	 
38.700001 	 3.226600 	 -1.279445 	 
38.799999 	 4.766800 	 -1.250817 	 
38.900002 	 5.109400 	 -1.206740 	 
39.000000 	 4.316200 	 -1.159119 	 
39.099998 	 5.212300 	 -1.108168 	 
39.200001 	 4.707700 	 -1.043978 	 
39.299999 	 5.924500 	 -0.953308 	 
39.400002 	 5.360900 	 -0.892900 	 
39.500000 	 4.358500 	 -0.794036 	 
39.599998 	 2.465800 	 -0.729372 	 
39.700001 	 4.958200 	 -0.624762 	 
39.799999 	 6.371000 	 -0.481693 	 
39.900002 	 4.537400 	 -0.362381 	 
40.000000 	 3.426300 	 -0.286681 	 
40.099998 	 5.014600 	 -0.115939 	 
40.200001 	 3.123500 	 0.011175 	 
40.299999 	 4.298100 	 0.176666 	 
40.400002 	 2.412200 	 0.315928 	 
40.500000 	 2.349100 	 0.451473 	 
40.599998 	 2.845300 	 0.556919 	 
40.700001 	 1.477000 	 0.692629 	 
40.799999 	 2.668300 	 0.832083 	 
40.900002 	 -1.522100 	 0.924445 	 
41.000000 	 -2.053200 	 0.999919 	 
41.099998 	 -0.070222 	 1.080560 	 
41.200001 	 -2.246400 	 1.146482 	 
41.299999 	 -2.163100 	 1.208158 	 
41.400002 	 -1.677600 	 1.282650 	 
41.500000 	 -2.772800 	 1.297924 	 
41.599998 	 -3.516100 	 1.352148 	 
41.700001 	 -3.350800 	 1.364782 	 
41.799999 	 -5.098600 	 1.354500 	 
41.900002 	 -4.407900 	 1.328242 	 
42.000000 	 -3.330700 	 1.358546 	 
42.099998 	 -4.417200 	 1.290638 	 
42.200001 	 -2.201000 	 1.302668 	 
42.299999 	 -3.757800 	 1.225585 	 
42.400002 	 -3.252100 	 1.203453 	 
42.500000 	 -4.758000 	 1.147061 	 
42.599998 	 -6.140100 	 1.028129 	 
42.700001 	 -5.463700 	 0.938816 	 
42.799999 	 -3.110200 	 0.860489 	 
42.900002 	 -5.414800 	 0.723397 	 
43.000000 	 -3.266100 	 0.619967 	 
43.099998 	 -3.246500 	 0.514025 	 
43.200001 	 -4.514300 	 0.376597 	 
43.299999 	 -2.179600 	 0.291595 	 
43.400002 	 -3.958600 	 0.161179 	 
43.500000 	 -2.138300 	 0.014232 	 
43.599998 	 -2.749100 	 -0.076944 	 
43.700001 	 -1.116700 	 -0.163810 	 
43.799999 	 -1.025600 	 -0.279658 	 
43.900002 	 -1.887800 	 -0.419602 	 
44.000000 	 1.155200 	 -0.482822 	 
44.099998 	 1.680300 	 -0.553462 	 
44.200001 	 1.506300 	 -0.617490 	 
44.299999 	 1.233700 	 -0.711306 	 
44.400002 	 0.136830 	 -0.815788 	 
44.500000 	 1.605100 	 -0.870856 	 
44.599998 	 3.196200 	 -0.856248 	 
44.700001 	 3.416700 	 -0.887078 	 
44.799999 	 3.604900 	 -0.942400 	 
44.900002 	 4.119500 	 -0.950758 	 
45.000000 	 5.419500 	 -0.910894 	 
45.099998 	 5.455600 	 -0.902074 	 
45.200001 	 3.060100 	 -0.903342 	 
45.299999 	 4.843800 	 -0.892428 	 
45.400002 	 2.917700 	 -0.882317 	 
45.500000 	 6.998300 	 -0.789334 	 
45.599998 	 6.572800 	 -0.714784 	 
45.700001 	 6.206300 	 -0.620198 	 
45.799999 	 5.146700 	 -0.570630 	 
45.900002 	 5.431000 	 -0.431568 	 
46.000000 	 4.152700 	 -0.307450 	 
46.099998 	 5.278300 	 -0.200479 	 
46.200001 	 3.616600 	 -0.083219 	 
46.299999 	 2.098800 	 0.002019 	 
46.400002 	 4.218100 	 0.119933 	 
46.500000 	 4.539100 	 0.266171 	 
46.599998 	 3.073300 	 0.397959 	 
46.700001 	 -0.623910 	 0.452496 	 
46.799999 	 2.537900 	 0.605226 	 
46.900002 	 3.403800 	 0.761460 	 
47.000000 	 -1.448200 	 0.799111 	 
47.099998 	 1.686400 	 0.921182 	 
47.200001 	 0.706670 	 0.979336 	 
47.299999 	 -1.846800 	 1.017556 	 
47.400002 	 -1.980900 	 1.042980 	 
47.500000 	 -4.159000 	 1.054960 	 
47.599998 	 0.177950 	 1.181321 	 
47.700001 	 -3.879000 	 1.213015 	 
47.799999 	 -3.103800 	 1.213143 	 
47.900002 	 -3.874200 	 1.243955 	 
48.000000 	 -3.550600 	 1.238265 	 
48.099998 	 -4.070400 	 1.221787 	 
48.200001 	 -5.806000 	 1.195953 	 
48.299999 	 -4.623400 	 1.147077 	 
48.400002 	 -4.783800 	 1.130573 	 
48.500000 	 -5.284000 	 1.067659 	 
48.599998 	 -4.682700 	 1.028987 	 
48.700001 	 -5.743000 	 0.936461 	 
48.799999 	 -6.175400 	 0.833465 	 
48.900002 	 -5.236100 	 0.766499 	 
49.000000 	 -5.426100 	 0.634873 	 
49.099998 	 -5.895000 	 0.483367 	 
49.200001 	 -3.661000 	 0.380021 	 
49.299999 	 -4.440100 	 0.266545 	 
49.400002 	 -3.314700 	 0.197514 	 
49.500000 	 -3.814100 	 0.089130 	 
49.599998 	 -2.666900 	 -0.028131 	 
49.700001 	 -2.050600 	 -0.137477 	 
49.799999 	 -2.188400 	 -0.253343 	 
49.900002 	 -3.015100 	 -0.396035 	 
50.000000 	 -1.614000 	 -0.536705 	 
50.099998 	 -1.843200 	 -0.682681 	 
50.200001 	 0.159280 	 -0.740698 	 
50.299999 	 -0.242080 	 -0.842415 	 
50.400002 	 -0.053134 	 -0.901832 	 
50.500000 	 1.749300 	 -1.006812 	 
50.599998 	 2.564600 	 -1.086976 	 
50.700001 	 0.939790 	 -1.192306 	 
50.799999 	 2.526100 	 -1.244718 	 
50.900002 	 3.494200 	 -1.283454 	 
51.000000 	 3.273900 	 -1.301031 	 
51.099998 	 5.560500 	 -1.295386 	 
51.200001 	 3.753200 	 -1.292654 	 
51.299999 	 4.900100 	 -1.236628 	 
51.400002 	 3.320900 	 -1.254572 	 
51.500000 	 4.022100 	 -1.264913 	 
51.599998 	 5.300500 	 -1.220369 	 
51.700001 	 5.609800 	 -1.095695 	 
51.799999 	 5.291000 	 -1.040632 	 
51.900002 	 7.161600 	 -0.965477 	 
52.000000 	 4.427400 	 -0.847965 	 
52.099998 	 4.261700 	 -0.796458 	 
52.200001 	 5.706500 	 -0.696462 	 
52.299999 	 3.651000 	 -0.586506 	 
52.400002 	 6.442900 	 -0.418030 	 
52.500000 	 3.380300 	 -0.267244 	 
52.599998 	 3.305600 	 -0.204691 	 
52.700001 	 4.376900 	 -0.039573 	 
52.799999 	 2.068300 	 0.063869 	 
52.900002 	 3.365200 	 0.208657 	 
53.000000 	 2.771700 	 0.335103 	 
53.099998 	 0.436810 	 0.425247 	 
53.200001 	 1.862000 	 0.578607 	 
53.299999 	 0.876110 	 0.688598 	 
53.400002 	 -0.520490 	 0.773864 	 
53.500000 	 -1.094600 	 0.857652 	 
53.599998 	 -0.939620 	 0.932513 	 
53.700001 	 -1.200400 	 1.023365 	 
53.799999 	 -2.741000 	 1.092053 	 
53.900002 	 -2.050100 	 1.155773 	 
54.000000 	 -2.917100 	 1.205953 	 
54.099998 	 -4.033400 	 1.243185 	 
54.200001 	 -4.579800 	 1.224809 	 
54.299999 	 -4.457900 	 1.224453 	 
54.400002 	 -4.993100 	 1.190885 	 
54.500000 	 -3.367400 	 1.199819 	 
54.599998 	 -5.783900 	 1.137479 	 
54.700001 	 -4.675000 	 1.084991 	 
54.799999 	 -4.400600 	 1.040747 	 
54.900002 	 -5.953700 	 0.981975 	 
55.000000 	 -4.630100 	 0.921653 	 
55.099998 	 -5.445900 	 0.849599 	 
55.200001 	 -5.760100 	 0.731212 	 
55.299999 	 -6.203500 	 0.611983 	 
55.400002 	 -5.510700 	 0.502832 	 
55.500000 	 -2.618300 	 0.415480 	 
55.599998 	 -5.634200 	 0.251504 	 
55.700001 	 -4.405100 	 0.144606 	 
55.799999 	 -4.558200 	 0.002920 	 
55.900002 	 -2.259300 	 -0.112150 	 
56.000000 	 -3.525800 	 -0.248144 	 
56.099998 	 -2.612500 	 -0.411604 	 
56.200001 	 -0.985540 	 -0.506379 	 
56.299999 	 -0.299350 	 -0.610368 	 
56.400002 	 -1.833400 	 -0.713454 	 
56.500000 	 -0.434990 	 -0.802596 	 
56.599998 	 0.634830 	 -0.895909 	 
56.700001 	 0.743020 	 -0.993244 	 
56.799999 	 3.112300 	 -1.036819 	 
56.900002 	 3.015700 	 -1.119737 	 
57.000000 	 3.513900 	 -1.138007 	 
57.099998 	 0.565100 	 -1.211938 	 
57.200001 	 2.679600 	 -1.272477 	 
57.299999 	 3.173500 	 -1.282026 	 
57.400002 	 2.674100 	 -1.357403 	 
57.500000 	 3.280600 	 -1.359396 	 
57.599998 	 5.065900 	 -1.324190 	 
57.700001 	 3.169400 	 -1.348341 	 
57.799999 	 5.917500 	 -1.271357 	 
57.900002 	 6.543400 	 -1.207792 	 
58.000000 	 4.977600 	 -1.163674 	 
58.099998 	 6.797000 	 -1.036471 	 
58.200001 	 6.590800 	 -0.941895 	 
58.299999 	 4.997500 	 -0.859467 	 
58.400002 	 4.404400 	 -0.760969 	 
58.500000 	 5.494400 	 -0.629189 	 
58.599998 	 3.769300 	 -0.535011 	 
58.700001 	 4.004500 	 -0.430913 	 
58.799999 	 5.086800 	 -0.274357 	 
58.900002 	 2.542100 	 -0.182512 	 
59.000000 	 2.486300 	 -0.074444 	 
59.099998 	 3.660700 	 0.079438 	 
59.200001 	 0.516360 	 0.181361 	 
59.299999 	 2.832900 	 0.327177 	 
59.400002 	 1.335700 	 0.453753 	 
59.500000 	 0.797680 	 0.537055 	 
59.599998 	 0.296810 	 0.658669 	 
59.700001 	 -0.436420 	 0.743440 	 
59.799999 	 -0.603280 	 0.819387 	 
59.900002 	 -1.503700 	 0.908387 	 
60.000000 	 -2.312800 	 0.954733 	 
60.099998 	 -0.982290 	 1.044005 	 
60.200001 	 -2.443100 	 1.110345 	 
60.299999 	 -2.406300 	 1.186289 	 
60.400002 	 -2.693200 	 1.242639 	 
60.500000 	 -3.793500 	 1.219135 	 
60.599998 	 -4.305600 	 1.245707 	 
60.700001 	 -3.802500 	 1.257758 	 
60.799999 	 -4.781100 	 1.253300 	 
60.900002 	 -4.159000 	 1.215307 	 
61.000000 	 -5.919800 	 1.167427 	 
61.099998 	 -4.906200 	 1.121553 	 
61.200001 	 -4.871400 	 1.043836 	 
61.299999 	 -3.616800 	 0.977487 	 
61.400002 	 -3.203700 	 0.950081 	 
61.500000 	 -5.084500 	 0.857090 	 
61.599998 	 -5.387500 	 0.736644 	 
61.700001 	 -5.571400 	 0.610355 	 
61.799999 	 -4.866400 	 0.450781 	 
61.900002 	 -4.011100 	 0.310245 	 
62.000000 	 -4.942300 	 0.141121 	 
62.099998 	 -3.818400 	 0.053451 	 
62.200001 	 -2.402000 	 -0.048181 	 
62.299999 	 -1.110800 	 -0.133867 	 
62.400002 	 -1.110800 	 -0.209565 	 
62.500000 	 -2.263800 	 -0.320453 	 
62.599998 	 -3.148000 	 -0.484731 	 
62.700001 	 -1.055600 	 -0.569231 	 
62.799999 	 0.190050 	 -0.683780 	 
62.900002 	 0.390590 	 -0.806836 	 
63.000000 	 0.231620 	 -0.901756 	 
63.099998 	 0.761610 	 -1.022463 	 
63.200001 	 2.242500 	 -1.109429 	 
63.299999 	 3.641100 	 -1.136557 	 
63.400002 	 3.317100 	 -1.158303 	 
63.500000 	 0.907120 	 -1.250049 	 
63.599998 	 2.632800 	 -1.272779 	 
63.700001 	 2.737700 	 -1.298115 	 
63.799999 	 3.211500 	 -1.335621 	 
63.900002 	 5.767300 	 -1.271117 	 
64.000000 	 4.963100 	 -1.221581 	 
64.099998 	 4.796700 	 -1.198861 	 
64.199997 	 4.778300 	 -1.113622 	 
64.300003 	 3.073700 	 -1.108806 	 
64.400002 	 4.705400 	 -1.041412 	 
64.500000 	 4.366400 	 -0.970038 	 
64.599998 	 4.739400 	 -0.881186 	 
64.699997 	 3.984400 	 -0.792770 	 
64.800003 	 5.272500 	 -0.675254 	 
64.900002 	 4.067500 	 -0.563830 	 
65.000000 	 4.385600 	 -0.429862 	 
65.099998 	 4.411200 	 -0.321993 	 
65.199997 	 3.525800 	 -0.202615 	 
65.300003 	 3.148900 	 -0.091510 	 
65.400002 	 3.625100 	 0.034856 	 
65.500000 	 3.209100 	 0.174908 	 
65.599998 	 0.559750 	 0.272215 	 
65.699997 	 0.078394 	 0.349833 	 
65.800003 	 2.222000 	 0.489895 	 
65.900002 	 0.089518 	 0.574865 	 
66.000000 	 0.034930 	 0.693959 	 
66.099998 	 -0.401010 	 0.784063 	 
66.199997 	 -1.366000 	 0.854171 	 
66.300003 	 -1.472700 	 0.897053 	 
66.400002 	 -2.460600 	 0.911915 	 
66.500000 	 -1.434700 	 0.984911 	 
66.599998 	 -2.361800 	 1.045425 	 
66.699997 	 -4.079700 	 1.075259 	 
66.800003 	 -3.014500 	 1.112297 	 
66.900002 	 -5.309500 	 1.086329 	 
67.000000 	 -5.443600 	 1.076303 	 
67.099998 	 -5.716500 	 1.038341 	 
67.199997 	 -4.912700 	 0.988128 	 
67.300003 	 -4.352400 	 0.923295 	 
67.400002 	 -4.022700 	 0.865058 	 
67.500000 	 -5.569200 	 0.798949 	 
67.599998 	 -5.797500 	 0.745959 	 
67.699997 	 -4.765000 	 0.671771 	 
67.800003 	 -4.197200 	 0.584026 	 
67.900002 	 -5.825400 	 0.459707 	 
68.000000 	 -4.903200 	 0.357010 	 
68.099998 	 -4.166100 	 0.258456 	 
68.199997 	 -4.407500 	 0.125456 	 
68.300003 	 -3.875100 	 -0.024868 	 
68.400002 	 -3.800900 	 -0.167228 	 
68.500000 	 -1.248200 	 -0.210335 	 
68.599998 	 -4.281400 	 -0.348618 	 
68.699997 	 -1.913700 	 -0.441647 	 
68.800003 	 0.230240 	 -0.501272 	 
68.900002 	 -1.417000 	 -0.644958 	 
69.000000 	 -0.368560 	 -0.751591 	 
69.099998 	 -2.096200 	 -0.889449 	 
69.199997 	 -1.199300 	 -1.009001 	 
69.300003 	 -0.554430 	 -1.081564 	 
69.400002 	 2.972500 	 -1.116222 	 
69.500000 	 2.650200 	 -1.150545 	 
69.599998 	 1.808000 	 -1.209174 	 
69.699997 	 3.021300 	 -1.228436 	 
69.800003 	 5.066300 	 -1.232559 	 
69.900002 	 2.668600 	 -1.260537 	 
70.000000 	 4.347100 	 -1.261307 	 
70.099998 	 4.979800 	 -1.249936 	 
70.199997 	 3.195800 	 -1.256536 	 
70.300003 	 3.406900 	 -1.251375 	 
70.400002 	 5.142300 	 -1.221031 	 
70.500000 	 5.521200 	 -1.174789 	 
70.599998 	 3.551700 	 -1.114950 	 
70.699997 	 6.073700 	 -0.995044 	 
70.800003 	 4.542900 	 -0.948626 	 
70.900002 	 3.047700 	 -0.889463 	 
71.000000 	 4.981200 	 -0.790537 	 
71.099998 	 5.870900 	 -0.665099 	 
71.199997 	 4.088600 	 -0.556007 	 
71.300003 	 5.491900 	 -0.416715 	 
71.400002 	 4.528900 	 -0.276925 	 
71.500000 	 2.075200 	 -0.206727 	 
71.599998 	 2.205700 	 -0.115377 	 
71.699997 	 2.596200 	 0.018141 	 
71.800003 	 3.399500 	 0.146421 	 
71.900002 	 2.255900 	 0.297729 	 
72.000000 	 -0.128440 	 0.404032 	 
72.099998 	 2.159600 	 0.561554 	 
72.199997 	 0.475710 	 0.669322 	 
72.300003 	 0.649860 	 0.769368 	 
72.400002 	 -1.300100 	 0.823820 	 
72.500000 	 -2.217400 	 0.890856 	 
72.599998 	 -2.657500 	 0.953656 	 
72.699997 	 -1.057900 	 1.027798 	 
72.800003 	 -4.614100 	 1.019460 	 
72.900002 	 -2.976000 	 1.076448 	 
73.000000 	 -3.964500 	 1.095222 	 
73.099998 	 -4.183600 	 1.094872 	 
73.199997 	 -4.621700 	 1.090588 	 
73.300003 	 -4.599100 	 1.076108 	 
73.400002 	 -4.307500 	 1.065976 	 
73.500000 	 -5.451500 	 0.981910 	 
73.599998 	 -5.811300 	 0.951312 	 
73.699997 	 -6.448500 	 0.860616 	 
73.800003 	 -6.073200 	 0.734547 	 
73.900002 	 -3.645100 	 0.689985 	 
74.000000 	 -5.376100 	 0.589834 	 
74.099998 	 -6.401600 	 0.503726 	 
74.199997 	 -5.542800 	 0.416856 	 
74.300003 	 -4.146200 	 0.345021 	 
74.400002 	 -4.315100 	 0.199269 	 
74.500000 	 -3.844100 	 0.069382 	 
74.599998 	 -3.933000 	 -0.045437 	 
74.699997 	 -1.884300 	 -0.143550 	 
74.800003 	 -3.529000 	 -0.315455 	 
74.900002 	 -3.189400 	 -0.432616 	 
75.000000 	 -3.794000 	 -0.595438 	 
75.099998 	 -1.624400 	 -0.727521 	 
75.199997 	 -1.320700 	 -0.817852 	 
75.300003 	 0.050078 	 -0.884988 	 
75.400002 	 -0.547640 	 -0.998787 	 
75.500000 	 -0.654610 	 -1.122303 	 
75.599998 	 -0.971270 	 -1.212762 	 
75.699997 	 4.337900 	 -1.247478 	 
75.800003 	 2.337000 	 -1.291597 	 
75.900002 	 4.453000 	 -1.263490 	 
76.000000 	 3.241300 	 -1.298288 	 
76.099998 	 1.763300 	 -1.380440 	 
76.199997 	 4.588400 	 -1.370445 	 
76.300003 	 3.501500 	 -1.410252 	 
76.400002 	 5.428100 	 -1.392268 	 
76.500000 	 5.489900 	 -1.323974 	 
76.599998 	 5.330700 	 -1.261475 	 
76.699997 	 5.172300 	 -1.209953 	 
76.800003 	 4.724600 	 -1.183450 	 
76.900002 	 6.824100 	 -1.092086 	 
77.000000 	 4.864800 	 -0.992222 	 
77.099998 	 3.735000 	 -0.960714 	 
77.199997 	 3.603200 	 -0.898164 	 
77.300003 	 4.873500 	 -0.813691 	 
77.400002 	 3.722700 	 -0.713235 	 
77.500000 	 2.700200 	 -0.614883 	 
77.599998 	 3.699600 	 -0.487741 	 
77.699997 	 4.363100 	 -0.379321 	 
77.800003 	 4.335000 	 -0.200339 	 
77.900002 	 2.905700 	 -0.082705 	 
78.000000 	 1.840000 	 0.033385 	 
78.099998 	 1.631900 	 0.149695 	 
78.199997 	 0.183940 	 0.245808 	 
78.300003 	 1.407500 	 0.365940 	 
78.400002 	 -0.074548 	 0.450599 	 
78.500000 	 -0.438100 	 0.550867 	 
78.599998 	 -0.776150 	 0.651570 	 
78.699997 	 -1.071200 	 0.759116 	 
78.800003 	 -0.914850 	 0.862283 	 
78.900002 	 -1.814400 	 0.898897 	 
79.000000 	 -1.001400 	 0.986391 	 
79.099998 	 -3.046000 	 1.053503 	 
79.199997 	 -2.519100 	 1.113977 	 
79.300003 	 -4.570400 	 1.105493 	 
79.400002 	 -4.992500 	 1.091945 	 
79.500000 	 -6.009600 	 1.048635 	 
79.599998 	 -4.897700 	 1.029341 	 
79.699997 	 -4.641200 	 0.974203 	 
79.800003 	 -5.017700 	 0.944429 	 
79.900002 	 -4.536400 	 0.917489 	 
80.000000 	 -4.694100 	 0.899487 	 
80.099998 	 -6.068100 	 0.810613 	 
80.199997 	 -3.369700 	 0.769633 	 
80.300003 	 -3.836700 	 0.691897 	 
80.400002 	 -4.085200 	 0.621146 	 
80.500000 	 -5.003200 	 0.534174 	 
80.599998 	 -2.967800 	 0.494243 	 
80.699997 	 -3.478500 	 0.337916 	 
80.800003 	 -2.696700 	 0.237241 	 
80.900002 	 -4.269700 	 0.062787 	 
81.000000 	 -1.937900 	 -0.040796 	 
81.099998 	 -2.939100 	 -0.134844 	 
81.199997 	 -3.030800 	 -0.287228 	 
81.300003 	 -2.871500 	 -0.414688 	 
81.400002 	 -2.111300 	 -0.565476 	 
81.500000 	 -2.510300 	 -0.725480 	 
81.599998 	 -1.014500 	 -0.852384 	 
81.699997 	 -0.866830 	 -0.973167 	 
81.800003 	 1.488700 	 -1.037885 	 
81.900002 	 2.608100 	 -1.122205 	 
82.000000 	 1.036800 	 -1.198765 	 
82.099998 	 1.894600 	 -1.235573 	 
82.199997 	 1.544900 	 -1.276739 	 
82.300003 	 3.936700 	 -1.295475 	 
82.400002 	 1.925500 	 -1.331419 	 
82.500000 	 5.023300 	 -1.284957 	 
82.599998 	 4.620000 	 -1.266549 	 
82.699997 	 2.348100 	 -1.306849 	 
82.800003 	 3.948100 	 -1.314587 	 
82.900002 	 4.285300 	 -1.286995 	 
83.000000 	 5.366900 	 -1.216457 	 
83.099998 	 6.181500 	 -1.125465 	 
83.199997 	 4.924900 	 -1.030645 	 
83.300003 	 4.421400 	 -0.970368 	 
83.400002 	 2.351800 	 -0.921841 	 
83.500000 	 4.235200 	 -0.828375 	 
83.599998 	 5.816300 	 -0.696526 	 
83.699997 	 3.769000 	 -0.599722 	 
83.800003 	 4.856200 	 -0.484301 	 
83.900002 	 4.367000 	 -0.360673 	 
84.000000 	 2.128800 	 -0.298069 	 
84.099998 	 3.069000 	 -0.175769 	 
84.199997 	 3.760300 	 -0.050181 	 
84.300003 	 2.979200 	 0.100811 	 
84.400002 	 2.690800 	 0.254477 	 
84.500000 	 1.637500 	 0.407419 	 
84.599998 	 0.172690 	 0.508827 	 
84.699997 	 1.085900 	 0.623369 	 
84.800003 	 0.300220 	 0.729728 	 
84.900002 	 -0.667090 	 0.807114 	 
85.000000 	 -2.420600 	 0.852584 	 
85.099998 	 -1.343600 	 0.947074 	 
85.199997 	 -2.695900 	 0.960550 	 
85.300003 	 -0.676880 	 1.023746 	 
85.400002 	 -2.270300 	 1.060044 	 
85.500000 	 -1.324300 	 1.133622 	 
85.599998 	 -3.399400 	 1.124990 	 
85.699997 	 -4.128900 	 1.111982 	 
85.800003 	 -4.730700 	 1.071302 	 
85.900002 	 -4.978700 	 1.057122 	 
86.000000 	 -5.013500 	 0.995610 	 
86.099998 	 -3.387400 	 0.986644 	 
86.199997 	 -6.059900 	 0.926062 	 
86.300003 	 -4.257200 	 0.898348 	 
86.400002 	 -5.109000 	 0.838394 	 
86.500000 	 -3.479100 	 0.819018 	 
86.599998 	 -6.258300 	 0.714142 	 
86.699997 	 -4.457400 	 0.642331 	 
86.800003 	 -5.618900 	 0.500179 	 
86.900002 	 -4.903500 	 0.349947 	 
87.000000 	 -4.141300 	 0.246385 	 
87.099998 	 -4.300500 	 0.122483 	 
87.199997 	 -3.096500 	 0.029655 	 
87.300003 	 -3.067800 	 -0.110435 	 
87.400002 	 -2.351200 	 -0.195969 	 
87.500000 	 -3.695100 	 -0.370337 	 
87.599998 	 -2.135800 	 -0.505453 	 
87.699997 	 -1.830700 	 -0.589029 	 
87.800003 	 -0.853410 	 -0.685059 	 
87.900002 	 -0.388390 	 -0.778533 	 
88.000000 	 0.987570 	 -0.866120 	 
88.099998 	 0.795850 	 -0.973833 	 
88.199997 	 2.379100 	 -1.024749 	 
88.300003 	 2.802400 	 -1.057129 	 
88.400002 	 0.693390 	 -1.090297 	 
88.500000 	 1.389400 	 -1.147213 	 
88.599998 	 2.151000 	 -1.220519 	 
88.699997 	 3.529100 	 -1.225317 	 
88.800003 	 2.499100 	 -1.272459 	 
88.900002 	 4.259000 	 -1.274619 	 
89.000000 	 4.690300 	 -1.223389 	 
89.099998 	 4.385800 	 -1.197053 	 
89.199997 	 4.300700 	 -1.186245 	 
89.300003 	 6.514300 	 -1.115543 	 
89.400002 	 4.676800 	 -1.075823 	 
89.500000 	 5.703300 	 -0.994507 	 
89.599998 	 4.446200 	 -0.909037 	 
89.699997 	 6.140700 	 -0.807941 	 
89.800003 	 2.916200 	 -0.755621 	 
89.900002 	 4.160500 	 -0.659069 	 
90.000000 	 4.473500 	 -0.521188 	 
90.099998 	 2.231300 	 -0.449690 	 
90.199997 	 7.027500 	 -0.255221 	 
90.300003 	 3.388100 	 -0.173922 	 
90.400002 	 5.461300 	 -0.019290 	 
90.500000 	 3.501500 	 0.077226 	 
90.599998 	 2.319700 	 0.191608 	 
90.699997 	 0.495550 	 0.284097 	 
90.800003 	 0.976080 	 0.398233 	 
90.900002 	 1.263600 	 0.523079 	 
91.000000 	 -1.498400 	 0.593381 	 
91.099998 	 -0.538100 	 0.650367 	 
91.199997 	 0.115750 	 0.773880 	 
91.300003 	 -0.178740 	 0.855449 	 
91.400002 	 -1.571200 	 0.926205 	 
91.500000 	 -3.135000 	 0.933087 	 
91.599998 	 -3.705200 	 0.984149 	 
91.699997 	 -2.747100 	 1.018355 	 
91.800003 	 -3.043600 	 1.069861 	 
91.900002 	 -1.778200 	 1.132367 	 
92.000000 	 -3.443700 	 1.146319 	 
92.099998 	 -4.152900 	 1.149271 	 
92.199997 	 -4.335300 	 1.124495 	 
92.300003 	 -4.902000 	 1.087811 	 
92.400002 	 -5.438100 	 1.026073 	 
92.500000 	 -3.981900 	 1.020337 	 
92.599998 	 -5.165600 	 0.959741 	 
92.699997 	 -4.742600 	 0.901503 	 
92.800003 	 -4.628700 	 0.825997 	 
92.900002 	 -5.752900 	 0.718707 	 
93.000000 	 -5.759900 	 0.583758 	 
93.099998 	 -5.106000 	 0.465721 	 
93.199997 	 -6.506200 	 0.288015 	 
93.300003 	 -3.469100 	 0.162585 	 
93.400002 	 -2.955800 	 0.089601 	 
93.500000 	 -2.066300 	 0.020487 	 
93.599998 	 -4.611600 	 -0.114765 	 
93.699997 	 -1.435400 	 -0.214055 	 
93.800003 	 -3.647100 	 -0.336979 	 
93.900002 	 -2.353600 	 -0.469231 	 
94.000000 	 -1.446900 	 -0.591975 	 
94.099998 	 -2.435700 	 -0.728405 	 
94.199997 	 0.287740 	 -0.808664 	 
94.300003 	 0.264590 	 -0.933658 	 
94.400002 	 0.669330 	 -1.013808 	 
94.500000 	 -0.243650 	 -1.132747 	 
94.599998 	 2.216200 	 -1.177347 	 
94.699997 	 1.766600 	 -1.264829 	 
94.800003 	 4.083600 	 -1.241481 	 
94.900002 	 4.420600 	 -1.236279 	 
95.000000 	 3.288000 	 -1.259989 	 
95.099998 	 3.949700 	 -1.225621 	 
95.199997 	 5.260800 	 -1.260955 	 
95.300003 	 5.666800 	 -1.215381 	 
95.400002 	 4.671000 	 -1.231187 	 
95.500000 	 7.080600 	 -1.159605 	 
95.599998 	 5.715200 	 -1.091695 	 
95.699997 	 6.267800 	 -0.976250 	 
95.800003 	 4.537400 	 -0.905024 	 
95.900002 	 3.550700 	 -0.859282 	 
96.000000 	 5.998100 	 -0.709351 	 
96.099998 	 5.415900 	 -0.590271 	 
96.199997 	 5.356500 	 -0.485457 	 
96.300003 	 3.609300 	 -0.409696 	 
96.400002 	 3.567100 	 -0.306930 	 
96.500000 	 4.985200 	 -0.144526 	 
96.599998 	 3.139200 	 -0.007638 	 
96.699997 	 4.724800 	 0.141800 	 
96.800003 	 1.994800 	 0.242568 	 
96.900002 	 4.297400 	 0.364080 	 
97.000000 	 0.163590 	 0.436226 	 
97.099998 	 -1.010900 	 0.499066 	 
97.199997 	 1.150900 	 0.608790 	 
97.300003 	 2.269600 	 0.752222 	 
97.400002 	 0.974500 	 0.880474 	 
97.500000 	 0.563770 	 0.971387 	 
97.599998 	 -1.267200 	 1.049355 	 
97.699997 	 -1.333200 	 1.117543 	 
97.800003 	 -1.704500 	 1.176027 	 
97.900002 	 -3.678800 	 1.217509 	 
98.000000 	 -1.246100 	 1.307785 	 
98.099998 	 -3.641200 	 1.337081 	 
98.199997 	 -3.157600 	 1.404053 	 
98.300003 	 -4.297400 	 1.387487 	 
98.400002 	 -2.379700 	 1.399009 	 
98.500000 	 -2.950800 	 1.381319 	 
98.599998 	 -3.959700 	 1.394357 	 
98.699997 	 -5.225100 	 1.318563 	 
98.800003 	 -6.214100 	 1.267224 	 
98.900002 	 -4.689600 	 1.220504 	 
99.000000 	 -3.862300 	 1.172196 	 
99.099998 	 -5.086300 	 1.119184 	 
99.199997 	 -6.314400 	 0.987141 	 
99.300003 	 -2.694100 	 0.927967 	 
99.400002 	 -5.776500 	 0.799050 	 
99.500000 	 -2.695200 	 0.750019 	 
99.599998 	 -3.246800 	 0.640759 	 
99.699997 	 -3.434900 	 0.536729 	 
99.800003 	 -3.223300 	 0.390591 	 
99.900002 	 -2.541900 	 0.251341 	 
100.000000 	 -2.949300 	 0.126595 	 
