0.000000 	 -0.275940 	 -0.275940 	 
0.100000 	 0.683070 	 0.683070 	 
0.200000 	 0.037993 	 0.037993 	 
0.300000 	 2.857600 	 2.857600 	 
0.400000 	 2.869800 	 2.869800 	 
0.500000 	 3.218300 	 3.218300 	 
0.600000 	 3.508400 	 3.508400 	 
0.700000 	 3.854200 	 3.854200 	 
0.800000 	 4.128100 	 4.128100 	 
0.900000 	 3.274900 	 3.274900 	 
1.000000 	 3.344400 	 3.344400 	 
1.100000 	 2.214000 	 2.214000 	 
1.200000 	 5.258300 	 5.258300 	 
1.300000 	 4.642500 	 4.642500 	 
1.400000 	 4.463200 	 4.463200 	 
1.500000 	 5.566200 	 5.566200 	 
1.600000 	 8.322400 	 8.322400 	 
1.700000 	 3.257900 	 3.257900 	 
1.800000 	 3.052600 	 3.052600 	 
1.900000 	 4.068400 	 4.068400 	 
2.000000 	 4.257900 	 4.257900 	 
2.100000 	 2.910700 	 2.910700 	 
2.200000 	 2.062300 	 2.062300 	 
2.300000 	 2.206100 	 2.206100 	 
2.400000 	 4.546000 	 4.546000 	 
2.500000 	 1.799500 	 1.799500 	 
2.600000 	 1.845300 	 1.845300 	 
2.700000 	 0.810960 	 0.810960 	 
2.800000 	 2.950800 	 2.950800 	 
2.900000 	 0.124140 	 0.124140 	 
3.000000 	 0.235530 	 0.235530 	 
3.100000 	 -2.103400 	 -2.103400 	 
3.200000 	 0.114450 	 0.114450 	 
3.300000 	 -1.283900 	 -1.283900 	 
3.400000 	 -1.315900 	 -1.315900 	 
3.500000 	 1.102400 	 1.102400 	 
3.600000 	 -3.172800 	 -3.172800 	 
3.700000 	 -0.992930 	 -0.992930 	 
3.800000 	 -3.172200 	 -3.172200 	 
3.900000 	 -1.763500 	 -1.763500 	 
4.000000 	 -4.533800 	 -4.533800 	 
4.100000 	 -1.692800 	 -1.692800 	 
4.200000 	 -5.885700 	 -5.885700 	 
4.300000 	 -3.463600 	 -3.463600 	 
4.400000 	 -4.026400 	 -4.026400 	 
4.500000 	 -5.371500 	 -5.371500 	 
4.600000 	 -4.459100 	 -4.459100 	 
4.700000 	 -2.907800 	 -2.907800 	 
4.800000 	 -4.961800 	 -4.961800 	 
4.900000 	 -3.761900 	 -3.761900 	 
5.000000 	 -3.987300 	 -3.987300 	 
5.100000 	 -5.896500 	 -5.896500 	 
5.200000 	 -5.502600 	 -5.502600 	 
5.300000 	 -3.645200 	 -3.645200 	 
5.400000 	 -5.184600 	 -5.184600 	 
5.500000 	 -4.109600 	 -4.109600 	 
5.600000 	 -3.161000 	 -3.161000 	 
5.700000 	 -3.901000 	 -3.901000 	 
5.800000 	 -1.190800 	 -1.190800 	 
5.900000 	 -1.606100 	 -1.606100 	 
6.000000 	 -1.957200 	 -1.957200 	 
6.100000 	 -0.867010 	 -0.867010 	 
6.200000 	 -0.939910 	 -0.939910 	 
6.300000 	 0.167520 	 0.167520 	 
6.400000 	 2.308700 	 2.308700 	 
6.500000 	 -1.092100 	 -1.092100 	 
6.600000 	 -0.235520 	 -0.235520 	 
6.700000 	 1.855500 	 1.855500 	 
6.800000 	 3.098500 	 3.098500 	 
6.900000 	 2.750800 	 2.750800 	 
7.000000 	 3.825700 	 0.134994 	 
7.100000 	 3.466300 	 0.174755 	 
7.200000 	 2.874100 	 0.215270 	 
7.300000 	 4.074500 	 0.232655 	 
7.400000 	 5.440700 	 0.269382 	 
7.500000 	 5.438900 	 0.301105 	 
7.600000 	 5.062700 	 0.323309 	 
7.700000 	 4.102400 	 0.326855 	 
7.800000 	 5.320300 	 0.343886 	 
7.900000 	 4.809700 	 0.365812 	 
8.000000 	 4.235300 	 0.378539 	 
8.100000 	 4.234100 	 0.407398 	 
8.200000 	 6.887000 	 0.430665 	 
8.300000 	 5.805800 	 0.447283 	 
8.400000 	 4.891800 	 0.453406 	 
8.500000 	 5.289000 	 0.449446 	 
8.600000 	 3.916000 	 0.386497 	 
8.700000 	 2.109100 	 0.370086 	 
8.800000 	 2.079700 	 0.356187 	 
8.900000 	 0.335760 	 0.302864 	 
9.000000 	 1.727900 	 0.266721 	 
9.100000 	 2.291000 	 0.257868 	 
9.200000 	 0.484920 	 0.235334 	 
9.300000 	 0.096449 	 0.205196 	 
9.400000 	 0.447220 	 0.146642 	 
9.500000 	 -0.946460 	 0.107414 	 
9.600000 	 -2.175700 	 0.049971 	 
9.700000 	 -2.076600 	 0.008721 	 
9.800000 	 -1.358600 	 -0.052842 	 
9.900000 	 -3.312900 	 -0.101943 	 
10.000000 	 -2.279900 	 -0.137878 	 
10.100000 	 -2.813200 	 -0.148017 	 
10.200000 	 -2.455500 	 -0.184731 	 
10.300000 	 -3.744500 	 -0.219882 	 
10.400000 	 -3.147200 	 -0.246044 	 
10.500000 	 -4.937100 	 -0.332322 	 
10.600000 	 -3.620000 	 -0.338711 	 
10.700000 	 -4.397500 	 -0.387347 	 
10.800000 	 -6.535000 	 -0.435387 	 
10.900000 	 -3.862800 	 -0.465377 	 
11.000000 	 -5.137100 	 -0.473996 	 
11.100000 	 -6.014400 	 -0.535733 	 
11.200000 	 -4.283500 	 -0.512845 	 
11.300000 	 -4.311100 	 -0.524952 	 
11.400000 	 -4.266100 	 -0.528376 	 
11.500000 	 -4.862100 	 -0.521099 	 
11.600000 	 -3.453300 	 -0.506730 	 
11.700000 	 -5.147600 	 -0.538727 	 
11.800000 	 -4.097000 	 -0.526373 	 
11.900000 	 -1.332000 	 -0.491660 	 
12.000000 	 -3.051200 	 -0.478288 	 
12.100000 	 -0.982860 	 -0.408093 	 
12.200000 	 -1.487800 	 -0.350738 	 
12.300000 	 -1.868000 	 -0.325350 	 
12.400000 	 -1.142900 	 -0.267611 	 
12.500000 	 -0.358470 	 -0.214024 	 
12.600000 	 -0.337880 	 -0.173693 	 
12.700000 	 2.141900 	 -0.087366 	 
12.800000 	 0.262800 	 -0.066601 	 
12.900000 	 0.564890 	 -0.035586 	 
13.000000 	 2.552100 	 0.028832 	 
13.100000 	 2.975700 	 0.083728 	 
13.200000 	 4.256000 	 0.157956 	 
13.300000 	 0.719650 	 0.165843 	 
13.400000 	 3.524800 	 0.183216 	 
13.500000 	 4.380200 	 0.261392 	 
13.600000 	 3.370000 	 0.312899 	 
13.700000 	 3.954500 	 0.342885 	 
13.800000 	 5.423800 	 0.376103 	 
13.900000 	 5.486700 	 0.415187 	 
14.000000 	 5.236300 	 0.435339 	 
14.100000 	 3.514200 	 0.436023 	 
14.200000 	 5.624700 	 0.475317 	 
14.300000 	 5.172500 	 0.491003 	 
14.400000 	 6.507700 	 0.506246 	 
14.500000 	 5.375100 	 0.505335 	 
14.600000 	 3.165600 	 0.478233 	 
14.700000 	 4.865800 	 0.489139 	 
14.800000 	 3.849500 	 0.468128 	 
14.900000 	 3.558000 	 0.450246 	 
15.000000 	 3.292500 	 0.436778 	 
15.100000 	 2.600000 	 0.413434 	 
15.200000 	 2.012100 	 0.343792 	 
15.300000 	 1.184200 	 0.277769 	 
15.400000 	 -0.215070 	 0.204814 	 
15.500000 	 1.770900 	 0.154555 	 
15.600000 	 -1.414600 	 0.078404 	 
15.700000 	 1.793100 	 0.073889 	 
15.800000 	 -1.094900 	 0.028538 	 
15.900000 	 -1.173800 	 0.006973 	 
16.000000 	 -1.876300 	 -0.044516 	 
16.100000 	 -1.553400 	 -0.099436 	 
16.200001 	 -2.381900 	 -0.140390 	 
16.299999 	 -4.189800 	 -0.201622 	 
16.400000 	 -5.514500 	 -0.286790 	 
16.500000 	 -3.798300 	 -0.327530 	 
16.600000 	 -4.035200 	 -0.354095 	 
16.700001 	 -2.717500 	 -0.363251 	 
16.799999 	 -4.864700 	 -0.413338 	 
16.900000 	 -4.372000 	 -0.428468 	 
17.000000 	 -4.189800 	 -0.455752 	 
17.100000 	 -6.339400 	 -0.506126 	 
17.200001 	 -4.248700 	 -0.531744 	 
17.299999 	 -5.137800 	 -0.551648 	 
17.400000 	 -6.172700 	 -0.594869 	 
17.500000 	 -5.001600 	 -0.595791 	 
17.600000 	 -5.236400 	 -0.618882 	 
17.700001 	 -2.324300 	 -0.589265 	 
17.799999 	 -4.633200 	 -0.562096 	 
17.900000 	 -3.388300 	 -0.555318 	 
18.000000 	 -2.585700 	 -0.518869 	 
18.100000 	 -2.019100 	 -0.461794 	 
18.200001 	 -4.509300 	 -0.465019 	 
18.299999 	 -3.280400 	 -0.450295 	 
18.400000 	 -3.867700 	 -0.444603 	 
18.500000 	 -1.788800 	 -0.400699 	 
18.600000 	 -0.378370 	 -0.356772 	 
18.700001 	 -0.446570 	 -0.289614 	 
18.799999 	 -1.329400 	 -0.250077 	 
18.900000 	 2.079700 	 -0.201338 	 
19.000000 	 0.140100 	 -0.155748 	 
19.100000 	 2.668600 	 -0.103585 	 
19.200001 	 1.724200 	 -0.057699 	 
19.299999 	 3.167800 	 0.014241 	 
19.400000 	 3.404200 	 0.079200 	 
19.500000 	 6.331900 	 0.174776 	 
19.600000 	 3.547100 	 0.230276 	 
19.700001 	 3.088600 	 0.243800 	 
19.799999 	 5.342200 	 0.316363 	 
19.900000 	 4.020200 	 0.365725 	 
20.000000 	 4.160300 	 0.388699 	 
20.100000 	 4.485600 	 0.410269 	 
20.200001 	 4.663300 	 0.416088 	 
20.299999 	 5.339700 	 0.482088 	 
20.400000 	 5.863800 	 0.515503 	 
20.500000 	 3.875300 	 0.508290 	 
20.600000 	 5.684300 	 0.541351 	 
20.700001 	 3.888900 	 0.540414 	 
20.799999 	 3.763200 	 0.516691 	 
20.900000 	 1.259900 	 0.456308 	 
21.000000 	 4.380700 	 0.444085 	 
21.100000 	 4.789900 	 0.462310 	 
21.200001 	 3.630200 	 0.433817 	 
21.299999 	 3.276400 	 0.406730 	 
21.400000 	 2.775800 	 0.353417 	 
21.500000 	 3.067200 	 0.320447 	 
21.600000 	 2.686000 	 0.313596 	 
21.700001 	 1.760400 	 0.269232 	 
21.799999 	 0.956230 	 0.227900 	 
21.900000 	 -1.009100 	 0.162656 	 
22.000000 	 0.617630 	 0.124443 	 
22.100000 	 -1.901500 	 0.060136 	 
22.200001 	 -1.595800 	 0.008595 	 
22.299999 	 -2.566100 	 -0.044981 	 
22.400000 	 -1.452600 	 -0.062660 	 
22.500000 	 -3.729500 	 -0.141237 	 
22.600000 	 -3.075100 	 -0.164958 	 
22.700001 	 -2.795000 	 -0.230503 	 
22.799999 	 -2.601100 	 -0.252020 	 
22.900000 	 -4.615600 	 -0.301189 	 
23.000000 	 -4.095300 	 -0.332889 	 
23.100000 	 -5.150300 	 -0.384273 	 
23.200001 	 -5.920700 	 -0.434827 	 
23.299999 	 -4.030900 	 -0.432557 	 
23.400000 	 -4.525900 	 -0.418434 	 
23.500000 	 -4.094800 	 -0.422670 	 
23.600000 	 -5.647700 	 -0.445705 	 
23.700001 	 -3.896300 	 -0.462545 	 
23.799999 	 -6.031900 	 -0.479220 	 
23.900000 	 -4.386300 	 -0.479424 	 
24.000000 	 -4.142000 	 -0.478741 	 
24.100000 	 -6.010900 	 -0.474048 	 
24.200001 	 -3.235700 	 -0.459577 	 
24.299999 	 -2.083300 	 -0.415941 	 
24.400000 	 -2.105000 	 -0.357831 	 
24.500000 	 -2.998700 	 -0.329218 	 
24.600000 	 -2.260300 	 -0.286702 	 
24.700001 	 -2.434500 	 -0.288277 	 
24.799999 	 -2.538900 	 -0.258358 	 
24.900000 	 -1.798100 	 -0.235641 	 
25.000000 	 -0.296400 	 -0.202937 	 
25.100000 	 -0.381210 	 -0.179538 	 
25.200001 	 2.489100 	 -0.079561 	 
25.299999 	 1.265500 	 -0.014620 	 
25.400000 	 1.726000 	 0.065290 	 
25.500000 	 1.562000 	 0.113159 	 
25.600000 	 2.177500 	 0.149671 	 
25.700001 	 1.757800 	 0.181162 	 
25.799999 	 4.366800 	 0.262536 	 
25.900000 	 2.438900 	 0.267668 	 
26.000000 	 3.426800 	 0.314621 	 
26.100000 	 3.461700 	 0.325951 	 
26.200001 	 5.973900 	 0.386660 	 
26.299999 	 5.484900 	 0.419762 	 
26.400000 	 4.517600 	 0.435668 	 
26.500000 	 4.864200 	 0.414701 	 
26.600000 	 5.376500 	 0.440835 	 
26.700001 	 4.497100 	 0.460957 	 
26.799999 	 4.203600 	 0.444691 	 
26.900000 	 5.755200 	 0.469476 	 
27.000000 	 5.261200 	 0.485204 	 
27.100000 	 5.065600 	 0.493489 	 
27.200001 	 5.652400 	 0.507619 	 
27.299999 	 3.045200 	 0.474840 	 
27.400000 	 4.425700 	 0.454296 	 
27.500000 	 4.655800 	 0.465446 	 
27.600000 	 4.584100 	 0.449729 	 
27.700001 	 2.878200 	 0.435290 	 
27.799999 	 2.190500 	 0.412823 	 
27.900000 	 2.569600 	 0.431533 	 
28.000000 	 0.588540 	 0.377360 	 
28.100000 	 -1.431100 	 0.288488 	 
28.200001 	 0.795160 	 0.247988 	 
28.299999 	 -0.538330 	 0.193491 	 
28.400000 	 -0.909520 	 0.140844 	 
28.500000 	 -1.296100 	 0.078511 	 
28.600000 	 -1.426700 	 0.019758 	 
28.700001 	 -1.578500 	 -0.027940 	 
28.799999 	 -3.537400 	 -0.092135 	 
28.900000 	 -3.253900 	 -0.124204 	 
29.000000 	 -4.216000 	 -0.193255 	 
29.100000 	 -3.590600 	 -0.217386 	 
29.200001 	 -5.064900 	 -0.266944 	 
29.299999 	 -5.393400 	 -0.307334 	 
29.400000 	 -4.967500 	 -0.357547 	 
29.500000 	 -4.693400 	 -0.371317 	 
29.600000 	 -5.802100 	 -0.410274 	 
29.700001 	 -5.118000 	 -0.443459 	 
29.799999 	 -5.471100 	 -0.484459 	 
29.900000 	 -4.251400 	 -0.479256 	 
30.000000 	 -4.278300 	 -0.481871 	 
30.100000 	 -3.594600 	 -0.459646 	 
30.200001 	 -6.298000 	 -0.465037 	 
30.299999 	 -5.916200 	 -0.491969 	 
30.400000 	 -2.286300 	 -0.459975 	 
30.500000 	 -4.598000 	 -0.467164 	 
30.600000 	 -3.551500 	 -0.437218 	 
30.700001 	 -2.654000 	 -0.419471 	 
30.799999 	 -2.971600 	 -0.375753 	 
30.900000 	 -3.955900 	 -0.369604 	 
31.000000 	 -2.091200 	 -0.340307 	 
31.100000 	 -2.045300 	 -0.283655 	 
31.200001 	 0.880040 	 -0.224859 	 
31.299999 	 1.060700 	 -0.179945 	 
31.400000 	 0.260180 	 -0.146157 	 
31.500000 	 -0.185890 	 -0.105974 	 
31.600000 	 1.018100 	 -0.059139 	 
31.700001 	 1.641300 	 -0.000914 	 
31.799999 	 0.792500 	 0.046678 	 
31.900000 	 3.258500 	 0.118915 	 
32.000000 	 2.586000 	 0.160092 	 
32.099998 	 1.740300 	 0.190400 	 
32.200001 	 2.532500 	 0.191020 	 
32.299999 	 4.984300 	 0.244145 	 
32.400002 	 4.082700 	 0.277813 	 
32.500000 	 5.866900 	 0.339311 	 
32.599998 	 4.171200 	 0.367793 	 
32.700001 	 4.880500 	 0.412403 	 
32.799999 	 2.820400 	 0.390311 	 
32.900002 	 5.251300 	 0.430488 	 
33.000000 	 3.281700 	 0.428415 	 
33.099998 	 3.913400 	 0.434868 	 
33.200001 	 5.246100 	 0.424471 	 
33.299999 	 6.405900 	 0.437628 	 
33.400002 	 4.421000 	 0.436248 	 
33.500000 	 4.353800 	 0.428957 	 
33.599998 	 5.288100 	 0.427694 	 
33.700001 	 3.944200 	 0.419795 	 
33.799999 	 3.335400 	 0.407392 	 
33.900002 	 2.905500 	 0.366682 	 
34.000000 	 1.935200 	 0.319168 	 
34.099998 	 2.664700 	 0.284870 	 
34.200001 	 1.498200 	 0.225524 	 
34.299999 	 1.391000 	 0.201892 	 
34.400002 	 2.340500 	 0.172104 	 
34.500000 	 -0.584690 	 0.097240 	 
34.599998 	 -0.767400 	 0.020790 	 
34.700001 	 -0.272310 	 -0.024218 	 
34.799999 	 -0.782430 	 -0.066688 	 
34.900002 	 -1.428200 	 -0.123799 	 
35.000000 	 -0.358660 	 -0.137331 	 
35.099998 	 -3.522500 	 -0.167208 	 
35.200001 	 -3.232200 	 -0.224742 	 
35.299999 	 -3.976500 	 -0.273858 	 
35.400002 	 -4.550900 	 -0.325878 	 
35.500000 	 -4.428100 	 -0.370621 	 
35.599998 	 -2.427000 	 -0.384911 	 
35.700001 	 -5.308500 	 -0.438197 	 
35.799999 	 -4.304400 	 -0.449154 	 
35.900002 	 -6.140200 	 -0.490387 	 
36.000000 	 -5.826900 	 -0.513399 	 
36.099998 	 -4.102300 	 -0.520710 	 
36.200001 	 -5.542500 	 -0.527532 	 
36.299999 	 -5.246900 	 -0.525439 	 
36.400002 	 -5.402200 	 -0.531650 	 
36.500000 	 -3.536500 	 -0.515122 	 
36.599998 	 -6.227300 	 -0.521196 	 
36.700001 	 -3.982500 	 -0.504975 	 
36.799999 	 -4.584500 	 -0.492309 	 
36.900002 	 -3.095000 	 -0.475789 	 
37.000000 	 -4.845900 	 -0.483898 	 
37.099998 	 -1.021800 	 -0.447144 	 
37.200001 	 -2.802500 	 -0.397208 	 
37.299999 	 0.096356 	 -0.311314 	 
37.400002 	 -2.145500 	 -0.309303 	 
37.500000 	 -1.938400 	 -0.271309 	 
37.599998 	 -0.193530 	 -0.223338 	 
37.700001 	 -0.998040 	 -0.199681 	 
37.799999 	 0.806130 	 -0.145713 	 
37.900002 	 1.439800 	 -0.068632 	 
38.000000 	 1.905400 	 -0.011538 	 
38.099998 	 2.050600 	 0.046975 	 
38.200001 	 2.357100 	 0.068076 	 
38.299999 	 2.070500 	 0.082502 	 
38.400002 	 2.562200 	 0.115388 	 
38.500000 	 5.209100 	 0.192459 	 
38.599998 	 1.809700 	 0.203768 	 
38.700001 	 3.226600 	 0.226415 	 
38.799999 	 4.766800 	 0.283190 	 
38.900002 	 5.109400 	 0.309632 	 
39.000000 	 4.316200 	 0.334349 	 
39.099998 	 5.212300 	 0.383949 	 
39.200001 	 4.707700 	 0.415023 	 
39.299999 	 5.924500 	 0.428454 	 
39.400002 	 5.360900 	 0.446714 	 
39.500000 	 4.358500 	 0.425166 	 
39.599998 	 2.465800 	 0.400803 	 
39.700001 	 4.958200 	 0.401913 	 
39.799999 	 6.371000 	 0.452636 	 
39.900002 	 4.537400 	 0.442438 	 
40.000000 	 3.426300 	 0.444503 	 
40.099998 	 5.014600 	 0.460235 	 
40.200001 	 3.123500 	 0.429912 	 
40.299999 	 4.298100 	 0.399800 	 
40.400002 	 2.412200 	 0.371103 	 
40.500000 	 2.349100 	 0.342465 	 
40.599998 	 2.845300 	 0.307568 	 
40.700001 	 1.477000 	 0.272322 	 
40.799999 	 2.668300 	 0.262792 	 
40.900002 	 -1.522100 	 0.199541 	 
41.000000 	 -2.053200 	 0.142563 	 
41.099998 	 -0.070222 	 0.103493 	 
41.200001 	 -2.246400 	 0.049999 	 
41.299999 	 -2.163100 	 -0.000774 	 
41.400002 	 -1.677600 	 -0.058176 	 
41.500000 	 -2.772800 	 -0.089434 	 
41.599998 	 -3.516100 	 -0.128701 	 
41.700001 	 -3.350800 	 -0.172680 	 
41.799999 	 -5.098600 	 -0.234339 	 
41.900002 	 -4.407900 	 -0.276906 	 
42.000000 	 -3.330700 	 -0.319364 	 
42.099998 	 -4.417200 	 -0.332146 	 
42.200001 	 -2.201000 	 -0.317414 	 
42.299999 	 -3.757800 	 -0.314290 	 
42.400002 	 -3.252100 	 -0.295736 	 
42.500000 	 -4.758000 	 -0.300449 	 
42.599998 	 -6.140100 	 -0.353493 	 
42.700001 	 -5.463700 	 -0.355710 	 
42.799999 	 -3.110200 	 -0.338650 	 
42.900002 	 -5.414800 	 -0.328288 	 
43.000000 	 -3.266100 	 -0.291704 	 
43.099998 	 -3.246500 	 -0.279479 	 
43.200001 	 -4.514300 	 -0.264790 	 
43.299999 	 -2.179600 	 -0.220972 	 
43.400002 	 -3.958600 	 -0.200349 	 
43.500000 	 -2.138300 	 -0.180374 	 
43.599998 	 -2.749100 	 -0.130686 	 
43.700001 	 -1.116700 	 -0.089746 	 
43.799999 	 -1.025600 	 -0.038904 	 
43.900002 	 -1.887800 	 -0.021659 	 
44.000000 	 1.155200 	 0.064071 	 
44.099998 	 1.680300 	 0.102673 	 
44.200001 	 1.506300 	 0.164227 	 
44.299999 	 1.233700 	 0.180475 	 
44.400002 	 0.136830 	 0.213079 	 
44.500000 	 1.605100 	 0.263701 	 
44.599998 	 3.196200 	 0.312126 	 
44.700001 	 3.416700 	 0.375193 	 
44.799999 	 3.604900 	 0.415176 	 
44.900002 	 4.119500 	 0.453457 	 
45.000000 	 5.419500 	 0.503659 	 
45.099998 	 5.455600 	 0.552301 	 
45.200001 	 3.060100 	 0.562345 	 
45.299999 	 4.843800 	 0.601963 	 
45.400002 	 2.917700 	 0.607042 	 
45.500000 	 6.998300 	 0.632602 	 
45.599998 	 6.572800 	 0.700646 	 
45.700001 	 6.206300 	 0.743213 	 
45.799999 	 5.146700 	 0.748640 	 
45.900002 	 5.431000 	 0.753235 	 
46.000000 	 4.152700 	 0.750899 	 
46.099998 	 5.278300 	 0.751842 	 
46.200001 	 3.616600 	 0.736255 	 
46.299999 	 2.098800 	 0.681602 	 
46.400002 	 4.218100 	 0.665276 	 
46.500000 	 4.539100 	 0.667856 	 
46.599998 	 3.073300 	 0.676534 	 
46.700001 	 -0.623910 	 0.596790 	 
46.799999 	 2.537900 	 0.542031 	 
46.900002 	 3.403800 	 0.525837 	 
47.000000 	 -1.448200 	 0.456201 	 
47.099998 	 1.686400 	 0.408656 	 
47.200001 	 0.706670 	 0.374130 	 
47.299999 	 -1.846800 	 0.286345 	 
47.400002 	 -1.980900 	 0.223587 	 
47.500000 	 -4.159000 	 0.130614 	 
47.599998 	 0.177950 	 0.092509 	 
47.700001 	 -3.879000 	 0.015995 	 
47.799999 	 -3.103800 	 -0.066464 	 
47.900002 	 -3.874200 	 -0.100065 	 
48.000000 	 -3.550600 	 -0.121457 	 
48.099998 	 -4.070400 	 -0.178602 	 
48.200001 	 -5.806000 	 -0.229454 	 
48.299999 	 -4.623400 	 -0.264601 	 
48.400002 	 -4.783800 	 -0.308975 	 
48.500000 	 -5.284000 	 -0.344849 	 
48.599998 	 -4.682700 	 -0.361515 	 
48.700001 	 -5.743000 	 -0.395689 	 
48.799999 	 -6.175400 	 -0.411072 	 
48.900002 	 -5.236100 	 -0.422904 	 
49.000000 	 -5.426100 	 -0.452838 	 
49.099998 	 -5.895000 	 -0.473949 	 
49.200001 	 -3.661000 	 -0.494806 	 
49.299999 	 -4.440100 	 -0.504554 	 
49.400002 	 -3.314700 	 -0.505448 	 
49.500000 	 -3.814100 	 -0.491964 	 
49.599998 	 -2.666900 	 -0.442346 	 
49.700001 	 -2.050600 	 -0.393588 	 
49.799999 	 -2.188400 	 -0.380419 	 
49.900002 	 -3.015100 	 -0.346138 	 
50.000000 	 -1.614000 	 -0.322536 	 
50.099998 	 -1.843200 	 -0.302489 	 
50.200001 	 0.159280 	 -0.235724 	 
50.299999 	 -0.242080 	 -0.208045 	 
50.400002 	 -0.053134 	 -0.152252 	 
50.500000 	 1.749300 	 -0.096715 	 
50.599998 	 2.564600 	 -0.020805 	 
50.700001 	 0.939790 	 0.008573 	 
50.799999 	 2.526100 	 0.059312 	 
50.900002 	 3.494200 	 0.136197 	 
51.000000 	 3.273900 	 0.166464 	 
51.099998 	 5.560500 	 0.221896 	 
51.200001 	 3.753200 	 0.253994 	 
51.299999 	 4.900100 	 0.306372 	 
51.400002 	 3.320900 	 0.351858 	 
51.500000 	 4.022100 	 0.386387 	 
51.599998 	 5.300500 	 0.416448 	 
51.700001 	 5.609800 	 0.447778 	 
51.799999 	 5.291000 	 0.471865 	 
51.900002 	 7.161600 	 0.515324 	 
52.000000 	 4.427400 	 0.501151 	 
52.099998 	 4.261700 	 0.484095 	 
52.200001 	 5.706500 	 0.521901 	 
52.299999 	 3.651000 	 0.504861 	 
52.400002 	 6.442900 	 0.555221 	 
52.500000 	 3.380300 	 0.503535 	 
52.599998 	 3.305600 	 0.456861 	 
52.700001 	 4.376900 	 0.430727 	 
52.799999 	 2.068300 	 0.386749 	 
52.900002 	 3.365200 	 0.357238 	 
53.000000 	 2.771700 	 0.337510 	 
53.099998 	 0.436810 	 0.268345 	 
53.200001 	 1.862000 	 0.243280 	 
53.299999 	 0.876110 	 0.225813 	 
53.400002 	 -0.520490 	 0.158119 	 
53.500000 	 -1.094600 	 0.077637 	 
53.599998 	 -0.939620 	 0.020310 	 
53.700001 	 -1.200400 	 0.012074 	 
53.799999 	 -2.741000 	 -0.063339 	 
53.900002 	 -2.050100 	 -0.141252 	 
54.000000 	 -2.917100 	 -0.162236 	 
54.099998 	 -4.033400 	 -0.243947 	 
54.200001 	 -4.579800 	 -0.319468 	 
54.299999 	 -4.457900 	 -0.356770 	 
54.400002 	 -4.993100 	 -0.399801 	 
54.500000 	 -3.367400 	 -0.388493 	 
54.599998 	 -5.783900 	 -0.473662 	 
54.700001 	 -4.675000 	 -0.485033 	 
54.799999 	 -4.400600 	 -0.503559 	 
54.900002 	 -5.953700 	 -0.533266 	 
55.000000 	 -4.630100 	 -0.548688 	 
55.099998 	 -5.445900 	 -0.568338 	 
55.200001 	 -5.760100 	 -0.567682 	 
55.299999 	 -6.203500 	 -0.590255 	 
55.400002 	 -5.510700 	 -0.600639 	 
55.500000 	 -2.618300 	 -0.562558 	 
55.599998 	 -5.634200 	 -0.576151 	 
55.700001 	 -4.405100 	 -0.557038 	 
55.799999 	 -4.558200 	 -0.533935 	 
55.900002 	 -2.259300 	 -0.491409 	 
56.000000 	 -3.525800 	 -0.464262 	 
56.099998 	 -2.612500 	 -0.417369 	 
56.200001 	 -0.985540 	 -0.379148 	 
56.299999 	 -0.299350 	 -0.319995 	 
56.400002 	 -1.833400 	 -0.298833 	 
56.500000 	 -0.434990 	 -0.250560 	 
56.599998 	 0.634830 	 -0.203393 	 
56.700001 	 0.743020 	 -0.163484 	 
56.799999 	 3.112300 	 -0.087760 	 
56.900002 	 3.015700 	 -0.001605 	 
57.000000 	 3.513900 	 0.071650 	 
57.099998 	 0.565100 	 0.106055 	 
57.200001 	 2.679600 	 0.142059 	 
57.299999 	 3.173500 	 0.190853 	 
57.400002 	 2.674100 	 0.229814 	 
57.500000 	 3.280600 	 0.251690 	 
57.599998 	 5.065900 	 0.287422 	 
57.700001 	 3.169400 	 0.319274 	 
57.799999 	 5.917500 	 0.367722 	 
57.900002 	 6.543400 	 0.411283 	 
58.000000 	 4.977600 	 0.435621 	 
58.099998 	 6.797000 	 0.453285 	 
58.200001 	 6.590800 	 0.493823 	 
58.299999 	 4.997500 	 0.495214 	 
58.400002 	 4.404400 	 0.510692 	 
58.500000 	 5.494400 	 0.531725 	 
58.599998 	 3.769300 	 0.509851 	 
58.700001 	 4.004500 	 0.486918 	 
58.799999 	 5.086800 	 0.484001 	 
58.900002 	 2.542100 	 0.418008 	 
59.000000 	 2.486300 	 0.390278 	 
59.099998 	 3.660700 	 0.381693 	 
59.200001 	 0.516360 	 0.307548 	 
59.299999 	 2.832900 	 0.295861 	 
59.400002 	 1.335700 	 0.222901 	 
59.500000 	 0.797680 	 0.186006 	 
59.599998 	 0.296810 	 0.143023 	 
59.700001 	 -0.436420 	 0.074262 	 
59.799999 	 -0.603280 	 0.036096 	 
59.900002 	 -1.503700 	 -0.033459 	 
60.000000 	 -2.312800 	 -0.106095 	 
60.099998 	 -0.982290 	 -0.126368 	 
60.200001 	 -2.443100 	 -0.187869 	 
60.299999 	 -2.406300 	 -0.234761 	 
60.400002 	 -2.693200 	 -0.265800 	 
60.500000 	 -3.793500 	 -0.304356 	 
60.599998 	 -4.305600 	 -0.352441 	 
60.700001 	 -3.802500 	 -0.389614 	 
60.799999 	 -4.781100 	 -0.418758 	 
60.900002 	 -4.159000 	 -0.448885 	 
61.000000 	 -5.919800 	 -0.491781 	 
61.099998 	 -4.906200 	 -0.504249 	 
61.200001 	 -4.871400 	 -0.508415 	 
61.299999 	 -3.616800 	 -0.496399 	 
61.400002 	 -3.203700 	 -0.470836 	 
61.500000 	 -5.084500 	 -0.495367 	 
61.599998 	 -5.387500 	 -0.489704 	 
61.700001 	 -5.571400 	 -0.502510 	 
61.799999 	 -4.866400 	 -0.509164 	 
61.900002 	 -4.011100 	 -0.481413 	 
62.000000 	 -4.942300 	 -0.485872 	 
62.099998 	 -3.818400 	 -0.462622 	 
62.200001 	 -2.402000 	 -0.414650 	 
62.299999 	 -1.110800 	 -0.341897 	 
62.400002 	 -1.110800 	 -0.279041 	 
62.500000 	 -2.263800 	 -0.273977 	 
62.599998 	 -3.148000 	 -0.238460 	 
62.700001 	 -1.055600 	 -0.190610 	 
62.799999 	 0.190050 	 -0.122777 	 
62.900002 	 0.390590 	 -0.084922 	 
63.000000 	 0.231620 	 -0.031244 	 
63.099998 	 0.761610 	 0.016957 	 
63.200001 	 2.242500 	 0.063072 	 
63.299999 	 3.641100 	 0.119364 	 
63.400002 	 3.317100 	 0.192943 	 
63.500000 	 0.907120 	 0.212116 	 
63.599998 	 2.632800 	 0.240658 	 
63.700001 	 2.737700 	 0.269154 	 
63.799999 	 3.211500 	 0.270571 	 
63.900002 	 5.767300 	 0.309879 	 
64.000000 	 4.963100 	 0.330582 	 
64.099998 	 4.796700 	 0.391034 	 
64.199997 	 4.778300 	 0.421015 	 
64.300003 	 3.073700 	 0.419589 	 
64.400002 	 4.705400 	 0.448608 	 
64.500000 	 4.366400 	 0.464119 	 
64.599998 	 4.739400 	 0.459455 	 
64.699997 	 3.984400 	 0.471098 	 
64.800003 	 5.272500 	 0.461883 	 
64.900002 	 4.067500 	 0.426513 	 
65.000000 	 4.385600 	 0.418056 	 
65.099998 	 4.411200 	 0.383973 	 
65.199997 	 3.525800 	 0.340188 	 
65.300003 	 3.148900 	 0.313779 	 
65.400002 	 3.625100 	 0.302646 	 
65.500000 	 3.209100 	 0.269999 	 
65.599998 	 0.559750 	 0.224149 	 
65.699997 	 0.078394 	 0.168061 	 
65.800003 	 2.222000 	 0.127136 	 
65.900002 	 0.089518 	 0.092099 	 
66.000000 	 0.034930 	 0.057079 	 
66.099998 	 -0.401010 	 -0.000945 	 
66.199997 	 -1.366000 	 -0.027836 	 
66.300003 	 -1.472700 	 -0.089345 	 
66.400002 	 -2.460600 	 -0.143578 	 
66.500000 	 -1.434700 	 -0.175469 	 
66.599998 	 -2.361800 	 -0.213449 	 
66.699997 	 -4.079700 	 -0.265496 	 
66.800003 	 -3.014500 	 -0.299942 	 
66.900002 	 -5.309500 	 -0.354311 	 
67.000000 	 -5.443600 	 -0.399036 	 
67.099998 	 -5.716500 	 -0.466668 	 
67.199997 	 -4.912700 	 -0.501947 	 
67.300003 	 -4.352400 	 -0.529749 	 
67.400002 	 -4.022700 	 -0.548742 	 
67.500000 	 -5.569200 	 -0.574109 	 
67.599998 	 -5.797500 	 -0.595422 	 
67.699997 	 -4.765000 	 -0.609172 	 
67.800003 	 -4.197200 	 -0.600830 	 
67.900002 	 -5.825400 	 -0.624636 	 
68.000000 	 -4.903200 	 -0.610113 	 
68.099998 	 -4.166100 	 -0.599540 	 
68.199997 	 -4.407500 	 -0.592913 	 
68.300003 	 -3.875100 	 -0.596603 	 
68.400002 	 -3.800900 	 -0.605135 	 
68.500000 	 -1.248200 	 -0.550331 	 
68.599998 	 -4.281400 	 -0.534529 	 
68.699997 	 -1.913700 	 -0.482276 	 
68.800003 	 0.230240 	 -0.409467 	 
68.900002 	 -1.417000 	 -0.372408 	 
69.000000 	 -0.368560 	 -0.307069 	 
69.099998 	 -2.096200 	 -0.282467 	 
69.199997 	 -1.199300 	 -0.265285 	 
69.300003 	 -0.554430 	 -0.257337 	 
69.400002 	 2.972500 	 -0.199004 	 
69.500000 	 2.650200 	 -0.128804 	 
69.599998 	 1.808000 	 -0.058004 	 
69.699997 	 3.021300 	 0.000237 	 
69.800003 	 5.066300 	 0.069898 	 
69.900002 	 2.668600 	 0.102441 	 
70.000000 	 4.347100 	 0.161234 	 
70.099998 	 4.979800 	 0.221494 	 
70.199997 	 3.195800 	 0.235112 	 
70.300003 	 3.406900 	 0.231766 	 
70.400002 	 5.142300 	 0.257841 	 
70.500000 	 5.521200 	 0.323756 	 
70.599998 	 3.551700 	 0.336883 	 
70.699997 	 6.073700 	 0.384540 	 
70.800003 	 4.542900 	 0.403561 	 
70.900002 	 3.047700 	 0.364709 	 
71.000000 	 4.981200 	 0.364968 	 
71.099998 	 5.870900 	 0.380314 	 
71.199997 	 4.088600 	 0.370461 	 
71.300003 	 5.491900 	 0.405006 	 
71.400002 	 4.528900 	 0.402485 	 
71.500000 	 2.075200 	 0.369753 	 
71.599998 	 2.205700 	 0.333558 	 
71.699997 	 2.596200 	 0.313726 	 
71.800003 	 3.399500 	 0.286969 	 
71.900002 	 2.255900 	 0.261089 	 
72.000000 	 -0.128440 	 0.196603 	 
72.099998 	 2.159600 	 0.164437 	 
72.199997 	 0.475710 	 0.120864 	 
72.300003 	 0.649860 	 0.085164 	 
72.400002 	 -1.300100 	 0.014804 	 
72.500000 	 -2.217400 	 -0.062718 	 
72.599998 	 -2.657500 	 -0.108678 	 
72.699997 	 -1.057900 	 -0.124911 	 
72.800003 	 -4.614100 	 -0.222570 	 
72.900002 	 -2.976000 	 -0.266363 	 
73.000000 	 -3.964500 	 -0.323498 	 
73.099998 	 -4.183600 	 -0.377534 	 
73.199997 	 -4.621700 	 -0.424044 	 
73.300003 	 -4.599100 	 -0.468707 	 
73.400002 	 -4.307500 	 -0.495092 	 
73.500000 	 -5.451500 	 -0.552474 	 
73.599998 	 -5.811300 	 -0.601753 	 
73.699997 	 -6.448500 	 -0.635593 	 
73.800003 	 -6.073200 	 -0.679289 	 
73.900002 	 -3.645100 	 -0.655512 	 
74.000000 	 -5.376100 	 -0.654548 	 
74.099998 	 -6.401600 	 -0.664335 	 
74.199997 	 -5.542800 	 -0.673336 	 
74.300003 	 -4.146200 	 -0.670390 	 
74.400002 	 -4.315100 	 -0.674567 	 
74.500000 	 -3.844100 	 -0.649923 	 
74.599998 	 -3.933000 	 -0.623287 	 
74.699997 	 -1.884300 	 -0.582135 	 
74.800003 	 -3.529000 	 -0.572589 	 
74.900002 	 -3.189400 	 -0.534932 	 
75.000000 	 -3.794000 	 -0.519086 	 
75.099998 	 -1.624400 	 -0.482776 	 
75.199997 	 -1.320700 	 -0.438679 	 
75.300003 	 0.050078 	 -0.382605 	 
75.400002 	 -0.547640 	 -0.336130 	 
75.500000 	 -0.654610 	 -0.327650 	 
75.599998 	 -0.971270 	 -0.280363 	 
75.699997 	 4.337900 	 -0.191054 	 
75.800003 	 2.337000 	 -0.160957 	 
75.900002 	 4.453000 	 -0.077100 	 
76.000000 	 3.241300 	 -0.025531 	 
76.099998 	 1.763300 	 0.029605 	 
76.199997 	 4.588400 	 0.112286 	 
76.300003 	 3.501500 	 0.170228 	 
76.400002 	 5.428100 	 0.205308 	 
76.500000 	 5.489900 	 0.245876 	 
76.599998 	 5.330700 	 0.296200 	 
76.699997 	 5.172300 	 0.326928 	 
76.800003 	 4.724600 	 0.322047 	 
76.900002 	 6.824100 	 0.381411 	 
77.000000 	 4.864800 	 0.388807 	 
77.099998 	 3.735000 	 0.371024 	 
77.199997 	 3.603200 	 0.376844 	 
77.300003 	 4.873500 	 0.397796 	 
77.400002 	 3.722700 	 0.377516 	 
77.500000 	 2.700200 	 0.337216 	 
77.599998 	 3.699600 	 0.339328 	 
77.699997 	 4.363100 	 0.314891 	 
77.800003 	 4.335000 	 0.311921 	 
77.900002 	 2.905700 	 0.309893 	 
78.000000 	 1.840000 	 0.265018 	 
78.099998 	 1.631900 	 0.204461 	 
78.199997 	 0.183940 	 0.148680 	 
78.300003 	 1.407500 	 0.090332 	 
78.400002 	 -0.074548 	 0.024568 	 
78.500000 	 -0.438100 	 -0.011336 	 
78.599998 	 -0.776150 	 -0.053934 	 
78.699997 	 -1.071200 	 -0.106325 	 
78.800003 	 -0.914850 	 -0.167959 	 
78.900002 	 -1.814400 	 -0.226106 	 
79.000000 	 -1.001400 	 -0.238577 	 
79.099998 	 -3.046000 	 -0.312942 	 
79.199997 	 -2.519100 	 -0.355725 	 
79.300003 	 -4.570400 	 -0.430301 	 
79.400002 	 -4.992500 	 -0.483049 	 
79.500000 	 -6.009600 	 -0.537224 	 
79.599998 	 -4.897700 	 -0.569226 	 
79.699997 	 -4.641200 	 -0.620417 	 
79.800003 	 -5.017700 	 -0.626182 	 
79.900002 	 -4.536400 	 -0.648474 	 
80.000000 	 -4.694100 	 -0.658897 	 
80.099998 	 -6.068100 	 -0.685818 	 
80.199997 	 -3.369700 	 -0.667932 	 
80.300003 	 -3.836700 	 -0.657041 	 
80.400002 	 -4.085200 	 -0.653865 	 
80.500000 	 -5.003200 	 -0.647461 	 
80.599998 	 -2.967800 	 -0.606840 	 
80.699997 	 -3.478500 	 -0.564411 	 
80.800003 	 -2.696700 	 -0.516175 	 
80.900002 	 -4.269700 	 -0.525098 	 
81.000000 	 -1.937900 	 -0.475981 	 
81.099998 	 -2.939100 	 -0.426516 	 
81.199997 	 -3.030800 	 -0.390631 	 
81.300003 	 -2.871500 	 -0.372421 	 
81.400002 	 -2.111300 	 -0.340938 	 
81.500000 	 -2.510300 	 -0.321884 	 
81.599998 	 -1.014500 	 -0.280191 	 
81.699997 	 -0.866830 	 -0.265655 	 
81.800003 	 1.488700 	 -0.193974 	 
81.900002 	 2.608100 	 -0.111153 	 
82.000000 	 1.036800 	 -0.042141 	 
82.099998 	 1.894600 	 0.008130 	 
82.199997 	 1.544900 	 0.049067 	 
82.300003 	 3.936700 	 0.104591 	 
82.400002 	 1.925500 	 0.139921 	 
82.500000 	 5.023300 	 0.221034 	 
82.599998 	 4.620000 	 0.300909 	 
82.699997 	 2.348100 	 0.272484 	 
82.800003 	 3.948100 	 0.295499 	 
82.900002 	 4.285300 	 0.293104 	 
83.000000 	 5.366900 	 0.323470 	 
83.099998 	 6.181500 	 0.386587 	 
83.199997 	 4.924900 	 0.391394 	 
83.300003 	 4.421400 	 0.404535 	 
83.400002 	 2.351800 	 0.360588 	 
83.500000 	 4.235200 	 0.342664 	 
83.599998 	 5.816300 	 0.349601 	 
83.699997 	 3.769000 	 0.329554 	 
83.800003 	 4.856200 	 0.331434 	 
83.900002 	 4.367000 	 0.296332 	 
84.000000 	 2.128800 	 0.257246 	 
84.099998 	 3.069000 	 0.247732 	 
84.199997 	 3.760300 	 0.249977 	 
84.300003 	 2.979200 	 0.222915 	 
84.400002 	 2.690800 	 0.208174 	 
84.500000 	 1.637500 	 0.192992 	 
84.599998 	 0.172690 	 0.142608 	 
84.699997 	 1.085900 	 0.095791 	 
84.800003 	 0.300220 	 0.038151 	 
84.900002 	 -0.667090 	 -0.012889 	 
85.000000 	 -2.420600 	 -0.073755 	 
85.099998 	 -1.343600 	 -0.116262 	 
85.199997 	 -2.695900 	 -0.157402 	 
85.300003 	 -0.676880 	 -0.187179 	 
85.400002 	 -2.270300 	 -0.218547 	 
85.500000 	 -1.324300 	 -0.231207 	 
85.599998 	 -3.399400 	 -0.268682 	 
85.699997 	 -4.128900 	 -0.312364 	 
85.800003 	 -4.730700 	 -0.366875 	 
85.900002 	 -4.978700 	 -0.412080 	 
86.000000 	 -5.013500 	 -0.469396 	 
86.099998 	 -3.387400 	 -0.474273 	 
86.199997 	 -6.059900 	 -0.524856 	 
86.300003 	 -4.257200 	 -0.520381 	 
86.400002 	 -5.109000 	 -0.522046 	 
86.500000 	 -3.479100 	 -0.485896 	 
86.599998 	 -6.258300 	 -0.505333 	 
86.699997 	 -4.457400 	 -0.502707 	 
86.800003 	 -5.618900 	 -0.511296 	 
86.900002 	 -4.903500 	 -0.516540 	 
87.000000 	 -4.141300 	 -0.508643 	 
87.099998 	 -4.300500 	 -0.483391 	 
87.199997 	 -3.096500 	 -0.479488 	 
87.300003 	 -3.067800 	 -0.468504 	 
87.400002 	 -2.351200 	 -0.443733 	 
87.500000 	 -3.695100 	 -0.425046 	 
87.599998 	 -2.135800 	 -0.413160 	 
87.699997 	 -1.830700 	 -0.389620 	 
87.800003 	 -0.853410 	 -0.363287 	 
87.900002 	 -0.388390 	 -0.307840 	 
88.000000 	 0.987570 	 -0.266047 	 
88.099998 	 0.795850 	 -0.212691 	 
88.199997 	 2.379100 	 -0.135407 	 
88.300003 	 2.802400 	 -0.054351 	 
88.400002 	 0.693390 	 -0.014284 	 
88.500000 	 1.389400 	 0.041426 	 
88.599998 	 2.151000 	 0.086647 	 
88.699997 	 3.529100 	 0.149446 	 
88.800003 	 2.499100 	 0.163881 	 
88.900002 	 4.259000 	 0.187465 	 
89.000000 	 4.690300 	 0.239658 	 
89.099998 	 4.385800 	 0.275246 	 
89.199997 	 4.300700 	 0.314615 	 
89.300003 	 6.514300 	 0.351438 	 
89.400002 	 4.676800 	 0.390742 	 
89.500000 	 5.703300 	 0.400456 	 
89.599998 	 4.446200 	 0.397974 	 
89.699997 	 6.140700 	 0.452154 	 
89.800003 	 2.916200 	 0.437412 	 
89.900002 	 4.160500 	 0.435629 	 
90.000000 	 4.473500 	 0.422866 	 
90.099998 	 2.231300 	 0.366435 	 
90.199997 	 7.027500 	 0.396472 	 
90.300003 	 3.388100 	 0.381711 	 
90.400002 	 5.461300 	 0.426132 	 
90.500000 	 3.501500 	 0.415651 	 
90.599998 	 2.319700 	 0.365699 	 
90.699997 	 0.495550 	 0.318936 	 
90.800003 	 0.976080 	 0.263505 	 
90.900002 	 1.263600 	 0.219171 	 
91.000000 	 -1.498400 	 0.167354 	 
91.099998 	 -0.538100 	 0.115824 	 
91.199997 	 0.115750 	 0.063759 	 
91.300003 	 -0.178740 	 0.018645 	 
91.400002 	 -1.571200 	 -0.042240 	 
91.500000 	 -3.135000 	 -0.110419 	 
91.599998 	 -3.705200 	 -0.165817 	 
91.699997 	 -2.747100 	 -0.220574 	 
91.800003 	 -3.043600 	 -0.268343 	 
91.900002 	 -1.778200 	 -0.284216 	 
92.000000 	 -3.443700 	 -0.298832 	 
92.099998 	 -4.152900 	 -0.338965 	 
92.199997 	 -4.335300 	 -0.362385 	 
92.300003 	 -4.902000 	 -0.422744 	 
92.400002 	 -5.438100 	 -0.467998 	 
92.500000 	 -3.981900 	 -0.505964 	 
92.599998 	 -5.165600 	 -0.531195 	 
92.699997 	 -4.742600 	 -0.539962 	 
92.800003 	 -4.628700 	 -0.538505 	 
92.900002 	 -5.752900 	 -0.549565 	 
93.000000 	 -5.759900 	 -0.560228 	 
93.099998 	 -5.106000 	 -0.584779 	 
93.199997 	 -6.506200 	 -0.591155 	 
93.300003 	 -3.469100 	 -0.579896 	 
93.400002 	 -2.955800 	 -0.549136 	 
93.500000 	 -2.066300 	 -0.528953 	 
93.599998 	 -4.611600 	 -0.505429 	 
93.699997 	 -1.435400 	 -0.462257 	 
93.800003 	 -3.647100 	 -0.434089 	 
93.900002 	 -2.353600 	 -0.397662 	 
94.000000 	 -1.446900 	 -0.359170 	 
94.099998 	 -2.435700 	 -0.332530 	 
94.199997 	 0.287740 	 -0.284184 	 
94.300003 	 0.264590 	 -0.236579 	 
94.400002 	 0.669330 	 -0.193428 	 
94.500000 	 -0.243650 	 -0.144122 	 
94.599998 	 2.216200 	 -0.081950 	 
94.699997 	 1.766600 	 -0.030560 	 
94.800003 	 4.083600 	 0.039968 	 
94.900002 	 4.420600 	 0.108668 	 
95.000000 	 3.288000 	 0.141532 	 
95.099998 	 3.949700 	 0.186586 	 
95.199997 	 5.260800 	 0.227754 	 
95.300003 	 5.666800 	 0.268674 	 
95.400002 	 4.671000 	 0.325497 	 
95.500000 	 7.080600 	 0.406799 	 
95.599998 	 5.715200 	 0.457716 	 
95.699997 	 6.267800 	 0.496841 	 
95.800003 	 4.537400 	 0.525959 	 
95.900002 	 3.550700 	 0.515841 	 
96.000000 	 5.998100 	 0.534524 	 
96.099998 	 5.415900 	 0.549239 	 
96.199997 	 5.356500 	 0.564322 	 
96.300003 	 3.609300 	 0.522822 	 
96.400002 	 3.567100 	 0.506969 	 
96.500000 	 4.985200 	 0.496711 	 
96.599998 	 3.139200 	 0.478039 	 
96.699997 	 4.724800 	 0.457812 	 
96.800003 	 1.994800 	 0.444649 	 
96.900002 	 4.297400 	 0.446605 	 
97.000000 	 0.163590 	 0.385035 	 
97.099998 	 -1.010900 	 0.338718 	 
97.199997 	 1.150900 	 0.254766 	 
97.300003 	 2.269600 	 0.238788 	 
97.400002 	 0.974500 	 0.174690 	 
97.500000 	 0.563770 	 0.132723 	 
97.599998 	 -1.267200 	 0.081481 	 
97.699997 	 -1.333200 	 0.055356 	 
97.800003 	 -1.704500 	 0.017062 	 
97.900002 	 -3.678800 	 -0.053543 	 
98.000000 	 -1.246100 	 -0.049939 	 
98.099998 	 -3.641200 	 -0.094269 	 
98.199997 	 -3.157600 	 -0.141031 	 
98.300003 	 -4.297400 	 -0.199869 	 
98.400002 	 -2.379700 	 -0.211419 	 
98.500000 	 -2.950800 	 -0.208788 	 
98.599998 	 -3.959700 	 -0.212423 	 
98.699997 	 -5.225100 	 -0.247823 	 
98.800003 	 -6.214100 	 -0.293116 	 
98.900002 	 -4.689600 	 -0.334707 	 
99.000000 	 -3.862300 	 -0.340687 	 
99.099998 	 -5.086300 	 -0.354022 	 
99.199997 	 -6.314400 	 -0.382295 	 
99.300003 	 -2.694100 	 -0.350753 	 
99.400002 	 -5.776500 	 -0.355588 	 
99.500000 	 -2.695200 	 -0.337206 	 
99.599998 	 -3.246800 	 -0.309795 	 
99.699997 	 -3.434900 	 -0.291113 	 
99.800003 	 -3.223300 	 -0.271036 	 
99.900002 	 -2.541900 	 -0.225165 	 
100.000000 	 -2.949300 	 -0.185013 	 
