0.000000 	 -0.275940 	 -0.275940 	 
0.100000 	 0.683070 	 0.683070 	 
0.200000 	 0.037993 	 0.037993 	 
0.300000 	 2.857600 	 2.857600 	 
0.400000 	 2.869800 	 2.869800 	 
0.500000 	 3.218300 	 3.218300 	 
0.600000 	 3.508400 	 3.508400 	 
0.700000 	 3.854200 	 3.854200 	 
0.800000 	 4.128100 	 4.128100 	 
0.900000 	 3.274900 	 3.274900 	 
1.000000 	 3.344400 	 2.777676 	 
1.100000 	 2.214000 	 2.930769 	 
1.200000 	 5.258300 	 3.452800 	 
1.300000 	 4.642500 	 3.631290 	 
1.400000 	 4.463200 	 3.790630 	 
1.500000 	 5.566200 	 4.025420 	 
1.600000 	 8.322400 	 4.506820 	 
1.700000 	 3.257900 	 4.447190 	 
1.800000 	 3.052600 	 4.339640 	 
1.900000 	 4.068400 	 4.418990 	 
2.000000 	 4.257900 	 4.510341 	 
2.100000 	 2.910700 	 4.580010 	 
2.200000 	 2.062300 	 4.260409 	 
2.300000 	 2.206100 	 4.016770 	 
2.400000 	 4.546000 	 4.025050 	 
2.500000 	 1.799500 	 3.648380 	 
2.600000 	 1.845300 	 3.000670 	 
2.700000 	 0.810960 	 2.755976 	 
2.800000 	 2.950800 	 2.745796 	 
2.900000 	 0.124140 	 2.351370 	 
3.000000 	 0.235530 	 1.949133 	 
3.100000 	 -2.103400 	 1.447723 	 
3.200000 	 0.114450 	 1.252938 	 
3.300000 	 -1.283900 	 0.903938 	 
3.400000 	 -1.315900 	 0.317748 	 
3.500000 	 1.102400 	 0.248038 	 
3.600000 	 -3.172800 	 -0.253772 	 
3.700000 	 -0.992930 	 -0.434161 	 
3.800000 	 -3.172200 	 -1.046461 	 
3.900000 	 -1.763500 	 -1.235225 	 
4.000000 	 -4.533800 	 -1.712158 	 
4.100000 	 -1.692800 	 -1.671098 	 
4.200000 	 -5.885700 	 -2.271113 	 
4.300000 	 -3.463600 	 -2.489083 	 
4.400000 	 -4.026400 	 -2.760133 	 
4.500000 	 -5.371500 	 -3.407523 	 
4.600000 	 -4.459100 	 -3.536153 	 
4.700000 	 -2.907800 	 -3.727640 	 
4.800000 	 -4.961800 	 -3.906600 	 
4.900000 	 -3.761900 	 -4.106440 	 
5.000000 	 -3.987300 	 -4.051790 	 
5.100000 	 -5.896500 	 -4.472160 	 
5.200000 	 -5.502600 	 -4.433850 	 
5.300000 	 -3.645200 	 -4.452010 	 
5.400000 	 -5.184600 	 -4.567830 	 
5.500000 	 -4.109600 	 -4.441640 	 
5.600000 	 -3.161000 	 -4.311830 	 
5.700000 	 -3.901000 	 -4.411150 	 
5.800000 	 -1.190800 	 -4.034050 	 
5.900000 	 -1.606100 	 -3.818470 	 
6.000000 	 -1.957200 	 -3.615460 	 
6.100000 	 -0.867010 	 -3.112511 	 
6.200000 	 -0.939910 	 -2.656242 	 
6.300000 	 0.167520 	 -2.274970 	 
6.400000 	 2.308700 	 -1.525640 	 
6.500000 	 -1.092100 	 -1.223890 	 
6.600000 	 -0.235520 	 -0.931342 	 
6.700000 	 1.855500 	 -0.355692 	 
6.800000 	 3.098500 	 0.073238 	 
6.900000 	 2.750800 	 0.508928 	 
7.000000 	 3.825700 	 1.087218 	 
7.100000 	 3.466300 	 1.520549 	 
7.200000 	 2.874100 	 1.901950 	 
7.300000 	 4.074500 	 2.292648 	 
7.400000 	 5.440700 	 2.605848 	 
7.500000 	 5.438900 	 3.258948 	 
7.600000 	 5.062700 	 3.788770 	 
7.700000 	 4.102400 	 4.013460 	 
7.800000 	 5.320300 	 4.235640 	 
7.900000 	 4.809700 	 4.441530 	 
8.000000 	 4.235300 	 4.482490 	 
8.100000 	 4.234100 	 4.559270 	 
8.200000 	 6.887000 	 4.960560 	 
8.300000 	 5.805800 	 5.133690 	 
8.400000 	 4.891800 	 5.078800 	 
8.500000 	 5.289000 	 5.063810 	 
8.600000 	 3.916000 	 4.949140 	 
8.700000 	 2.109100 	 4.749810 	 
8.800000 	 2.079700 	 4.425750 	 
8.900000 	 0.335760 	 3.978356 	 
9.000000 	 1.727900 	 3.727616 	 
9.100000 	 2.291000 	 3.533306 	 
9.200000 	 0.484920 	 2.893098 	 
9.300000 	 0.096449 	 2.322163 	 
9.400000 	 0.447220 	 1.877705 	 
9.500000 	 -0.946460 	 1.254159 	 
9.600000 	 -2.175700 	 0.644989 	 
9.700000 	 -2.076600 	 0.226419 	 
9.800000 	 -1.358600 	 -0.117411 	 
9.900000 	 -3.312900 	 -0.482277 	 
10.000000 	 -2.279900 	 -0.883057 	 
10.100000 	 -2.813200 	 -1.393477 	 
10.200000 	 -2.455500 	 -1.687519 	 
10.300000 	 -3.744500 	 -2.071614 	 
10.400000 	 -3.147200 	 -2.431056 	 
10.500000 	 -4.937100 	 -2.830120 	 
10.600000 	 -3.620000 	 -2.974550 	 
10.700000 	 -4.397500 	 -3.206640 	 
10.800000 	 -6.535000 	 -3.724280 	 
10.900000 	 -3.862800 	 -3.779269 	 
11.000000 	 -5.137100 	 -4.064990 	 
11.100000 	 -6.014400 	 -4.385110 	 
11.200000 	 -4.283500 	 -4.567910 	 
11.300000 	 -4.311100 	 -4.624570 	 
11.400000 	 -4.266100 	 -4.736460 	 
11.500000 	 -4.862100 	 -4.728960 	 
11.600000 	 -3.453300 	 -4.712290 	 
11.700000 	 -5.147600 	 -4.787300 	 
11.800000 	 -4.097000 	 -4.543500 	 
11.900000 	 -1.332000 	 -4.290420 	 
12.000000 	 -3.051200 	 -4.081830 	 
12.100000 	 -0.982860 	 -3.578676 	 
12.200000 	 -1.487800 	 -3.299106 	 
12.300000 	 -1.868000 	 -3.054796 	 
12.400000 	 -1.142900 	 -2.742476 	 
12.500000 	 -0.358470 	 -2.292113 	 
12.600000 	 -0.337880 	 -1.980571 	 
12.700000 	 2.141900 	 -1.251621 	 
12.800000 	 0.262800 	 -0.815641 	 
12.900000 	 0.564890 	 -0.625952 	 
13.000000 	 2.552100 	 -0.065622 	 
13.100000 	 2.975700 	 0.330234 	 
13.200000 	 4.256000 	 0.904614 	 
13.300000 	 0.719650 	 1.163379 	 
13.400000 	 3.524800 	 1.630149 	 
13.500000 	 4.380200 	 2.104016 	 
13.600000 	 3.370000 	 2.474804 	 
13.700000 	 3.954500 	 2.656064 	 
13.800000 	 5.423800 	 3.172164 	 
13.900000 	 5.486700 	 3.664345 	 
14.000000 	 5.236300 	 3.932765 	 
14.100000 	 3.514200 	 3.986615 	 
14.200000 	 5.624700 	 4.123485 	 
14.300000 	 5.172500 	 4.568770 	 
14.400000 	 6.507700 	 4.867060 	 
14.500000 	 5.375100 	 4.966550 	 
14.600000 	 3.165600 	 4.946110 	 
14.700000 	 4.865800 	 5.037240 	 
14.800000 	 3.849500 	 4.879810 	 
14.900000 	 3.558000 	 4.686940 	 
15.000000 	 3.292500 	 4.492559 	 
15.100000 	 2.600000 	 4.401140 	 
15.200000 	 2.012100 	 4.039880 	 
15.300000 	 1.184200 	 3.641050 	 
15.400000 	 -0.215070 	 2.968773 	 
15.500000 	 1.770900 	 2.608353 	 
15.600000 	 -1.414600 	 2.150333 	 
15.700000 	 1.793100 	 1.843063 	 
15.800000 	 -1.094900 	 1.348623 	 
15.900000 	 -1.173800 	 0.875443 	 
16.000000 	 -1.876300 	 0.358563 	 
16.100000 	 -1.553400 	 -0.056777 	 
16.200001 	 -2.381900 	 -0.496177 	 
16.299999 	 -4.189800 	 -1.033577 	 
16.400000 	 -5.514500 	 -1.563520 	 
16.500000 	 -3.798300 	 -2.120440 	 
16.600000 	 -4.035200 	 -2.382500 	 
16.700001 	 -2.717500 	 -2.833560 	 
16.799999 	 -4.864700 	 -3.210540 	 
16.900000 	 -4.372000 	 -3.530360 	 
17.000000 	 -4.189800 	 -3.761710 	 
17.100000 	 -6.339400 	 -4.240310 	 
17.200001 	 -4.248700 	 -4.426990 	 
17.299999 	 -5.137800 	 -4.521791 	 
17.400000 	 -6.172700 	 -4.587610 	 
17.500000 	 -5.001600 	 -4.707940 	 
17.600000 	 -5.236400 	 -4.828060 	 
17.700001 	 -2.324300 	 -4.788741 	 
17.799999 	 -4.633200 	 -4.765591 	 
17.900000 	 -3.388300 	 -4.667220 	 
18.000000 	 -2.585700 	 -4.506810 	 
18.100000 	 -2.019100 	 -4.074780 	 
18.200001 	 -4.509300 	 -4.100840 	 
18.299999 	 -3.280400 	 -3.915100 	 
18.400000 	 -3.867700 	 -3.684600 	 
18.500000 	 -1.788800 	 -3.363320 	 
18.600000 	 -0.378370 	 -2.877517 	 
18.700001 	 -0.446570 	 -2.689744 	 
18.799999 	 -1.329400 	 -2.359364 	 
18.900000 	 2.079700 	 -1.812564 	 
19.000000 	 0.140100 	 -1.539984 	 
19.100000 	 2.668600 	 -1.071214 	 
19.200001 	 1.724200 	 -0.447864 	 
19.299999 	 3.167800 	 0.196956 	 
19.400000 	 3.404200 	 0.924146 	 
19.500000 	 6.331900 	 1.736216 	 
19.600000 	 3.547100 	 2.128763 	 
19.700001 	 3.088600 	 2.482280 	 
19.799999 	 5.342200 	 3.149440 	 
19.900000 	 4.020200 	 3.343490 	 
20.000000 	 4.160300 	 3.745510 	 
20.100000 	 4.485600 	 3.927210 	 
20.200001 	 4.663300 	 4.221120 	 
20.299999 	 5.339700 	 4.438310 	 
20.400000 	 5.863800 	 4.684270 	 
20.500000 	 3.875300 	 4.438610 	 
20.600000 	 5.684300 	 4.652330 	 
20.700001 	 3.888900 	 4.732360 	 
20.799999 	 3.763200 	 4.574460 	 
20.900000 	 1.259900 	 4.298430 	 
21.000000 	 4.380700 	 4.320470 	 
21.100000 	 4.789900 	 4.350900 	 
21.200001 	 3.630200 	 4.247590 	 
21.299999 	 3.276400 	 4.041260 	 
21.400000 	 2.775800 	 3.732460 	 
21.500000 	 3.067200 	 3.651650 	 
21.600000 	 2.686000 	 3.351820 	 
21.700001 	 1.760400 	 3.138970 	 
21.799999 	 0.956230 	 2.858273 	 
21.900000 	 -1.009100 	 2.631373 	 
22.000000 	 0.617630 	 2.255066 	 
22.100000 	 -1.901500 	 1.585926 	 
22.200001 	 -1.595800 	 1.063326 	 
22.299999 	 -2.566100 	 0.479076 	 
22.400000 	 -1.452600 	 0.056236 	 
22.500000 	 -3.729500 	 -0.623434 	 
22.600000 	 -3.075100 	 -1.199544 	 
22.700001 	 -2.795000 	 -1.655084 	 
22.799999 	 -2.601100 	 -2.010817 	 
22.900000 	 -4.615600 	 -2.371467 	 
23.000000 	 -4.095300 	 -2.842760 	 
23.100000 	 -5.150300 	 -3.167640 	 
23.200001 	 -5.920700 	 -3.600130 	 
23.299999 	 -4.030900 	 -3.746610 	 
23.400000 	 -4.525900 	 -4.053940 	 
23.500000 	 -4.094800 	 -4.090470 	 
23.600000 	 -5.647700 	 -4.347730 	 
23.700001 	 -3.896300 	 -4.457860 	 
23.799999 	 -6.031900 	 -4.800940 	 
23.900000 	 -4.386300 	 -4.778010 	 
24.000000 	 -4.142000 	 -4.782680 	 
24.100000 	 -6.010900 	 -4.868740 	 
24.200001 	 -3.235700 	 -4.600240 	 
24.299999 	 -2.083300 	 -4.405480 	 
24.400000 	 -2.105000 	 -4.163390 	 
24.500000 	 -2.998700 	 -4.053780 	 
24.600000 	 -2.260300 	 -3.715040 	 
24.700001 	 -2.434500 	 -3.568860 	 
24.799999 	 -2.538900 	 -3.219560 	 
24.900000 	 -1.798100 	 -2.960740 	 
25.000000 	 -0.296400 	 -2.576180 	 
25.100000 	 -0.381210 	 -2.013211 	 
25.200001 	 2.489100 	 -1.440731 	 
25.299999 	 1.265500 	 -1.105851 	 
25.400000 	 1.726000 	 -0.722751 	 
25.500000 	 1.562000 	 -0.266681 	 
25.600000 	 2.177500 	 0.177099 	 
25.700001 	 1.757800 	 0.596329 	 
25.799999 	 4.366800 	 1.286899 	 
25.900000 	 2.438900 	 1.710599 	 
26.000000 	 3.426800 	 2.082919 	 
26.100000 	 3.461700 	 2.467210 	 
26.200001 	 5.973900 	 2.815690 	 
26.299999 	 5.484900 	 3.237630 	 
26.400000 	 4.517600 	 3.516790 	 
26.500000 	 4.864200 	 3.847010 	 
26.600000 	 5.376500 	 4.166910 	 
26.700001 	 4.497100 	 4.440840 	 
26.799999 	 4.203600 	 4.424520 	 
26.900000 	 5.755200 	 4.756150 	 
27.000000 	 5.261200 	 4.939590 	 
27.100000 	 5.065600 	 5.099980 	 
27.200001 	 5.652400 	 5.067830 	 
27.299999 	 3.045200 	 4.823860 	 
27.400000 	 4.425700 	 4.814670 	 
27.500000 	 4.655800 	 4.793830 	 
27.600000 	 4.584100 	 4.714591 	 
27.700001 	 2.878200 	 4.552700 	 
27.799999 	 2.190500 	 4.351390 	 
27.900000 	 2.569600 	 4.032830 	 
28.000000 	 0.588540 	 3.565564 	 
28.100000 	 -1.431100 	 2.915894 	 
28.200001 	 0.795160 	 2.430170 	 
28.299999 	 -0.538330 	 2.071817 	 
28.400000 	 -0.909520 	 1.538295 	 
28.500000 	 -1.296100 	 0.943105 	 
28.600000 	 -1.426700 	 0.342025 	 
28.700001 	 -1.578500 	 -0.103645 	 
28.799999 	 -3.537400 	 -0.676435 	 
28.900000 	 -3.253900 	 -1.258785 	 
29.000000 	 -4.216000 	 -1.739239 	 
29.100000 	 -3.590600 	 -1.955189 	 
29.200001 	 -5.064900 	 -2.541195 	 
29.299999 	 -5.393400 	 -3.026702 	 
29.400000 	 -4.967500 	 -3.432500 	 
29.500000 	 -4.693400 	 -3.772230 	 
29.600000 	 -5.802100 	 -4.209770 	 
29.700001 	 -5.118000 	 -4.563720 	 
29.799999 	 -5.471100 	 -4.757090 	 
29.900000 	 -4.251400 	 -4.856840 	 
30.000000 	 -4.278300 	 -4.863070 	 
30.100000 	 -3.594600 	 -4.863470 	 
30.200001 	 -6.298000 	 -4.986780 	 
30.299999 	 -5.916200 	 -5.039060 	 
30.400000 	 -2.286300 	 -4.770940 	 
30.500000 	 -4.598000 	 -4.761400 	 
30.600000 	 -3.551500 	 -4.536340 	 
30.700001 	 -2.654000 	 -4.289940 	 
30.799999 	 -2.971600 	 -4.039990 	 
30.900000 	 -3.955900 	 -4.010440 	 
31.000000 	 -2.091200 	 -3.791730 	 
31.100000 	 -2.045300 	 -3.636800 	 
31.200001 	 0.880040 	 -2.918996 	 
31.299999 	 1.060700 	 -2.221306 	 
31.400000 	 0.260180 	 -1.966658 	 
31.500000 	 -0.185890 	 -1.525447 	 
31.600000 	 1.018100 	 -1.068487 	 
31.700001 	 1.641300 	 -0.638957 	 
31.799999 	 0.792500 	 -0.262547 	 
31.900000 	 3.258500 	 0.458893 	 
32.000000 	 2.586000 	 0.926613 	 
32.099998 	 1.740300 	 1.305173 	 
32.200001 	 2.532500 	 1.470419 	 
32.299999 	 4.984300 	 1.862779 	 
32.400002 	 4.082700 	 2.245031 	 
32.500000 	 5.866900 	 2.850310 	 
32.599998 	 4.171200 	 3.165620 	 
32.700001 	 4.880500 	 3.489540 	 
32.799999 	 2.820400 	 3.692330 	 
32.900002 	 5.251300 	 3.891610 	 
33.000000 	 3.281700 	 3.961180 	 
33.099998 	 3.913400 	 4.178490 	 
33.200001 	 5.246100 	 4.449850 	 
33.299999 	 6.405900 	 4.592010 	 
33.400002 	 4.421000 	 4.625840 	 
33.500000 	 4.353800 	 4.474530 	 
33.599998 	 5.288100 	 4.586220 	 
33.700001 	 3.944200 	 4.492590 	 
33.799999 	 3.335400 	 4.544090 	 
33.900002 	 2.905500 	 4.309510 	 
34.000000 	 1.935200 	 4.174860 	 
34.099998 	 2.664700 	 4.049990 	 
34.200001 	 1.498200 	 3.675200 	 
34.299999 	 1.391000 	 3.173710 	 
34.400002 	 2.340500 	 2.965660 	 
34.500000 	 -0.584690 	 2.471811 	 
34.599998 	 -0.767400 	 1.866261 	 
34.700001 	 -0.272310 	 1.444610 	 
34.799999 	 -0.782430 	 1.032827 	 
34.900002 	 -1.428200 	 0.599457 	 
35.000000 	 -0.358660 	 0.370071 	 
35.099998 	 -3.522500 	 -0.248649 	 
35.200001 	 -3.232200 	 -0.721689 	 
35.299999 	 -3.976500 	 -1.258439 	 
35.400002 	 -4.550900 	 -1.947579 	 
35.500000 	 -4.428100 	 -2.331920 	 
35.599998 	 -2.427000 	 -2.497880 	 
35.700001 	 -5.308500 	 -3.001499 	 
35.799999 	 -4.304400 	 -3.353696 	 
35.900002 	 -6.140200 	 -3.824896 	 
36.000000 	 -5.826900 	 -4.371720 	 
36.099998 	 -4.102300 	 -4.429700 	 
36.200001 	 -5.542500 	 -4.660730 	 
36.299999 	 -5.246900 	 -4.787770 	 
36.400002 	 -5.402200 	 -4.872900 	 
36.500000 	 -3.536500 	 -4.783740 	 
36.599998 	 -6.227300 	 -5.163770 	 
36.700001 	 -3.982500 	 -5.031170 	 
36.799999 	 -4.584500 	 -5.059180 	 
36.900002 	 -3.095000 	 -4.754660 	 
37.000000 	 -4.845900 	 -4.656560 	 
37.099998 	 -1.021800 	 -4.348510 	 
37.200001 	 -2.802500 	 -4.074510 	 
37.299999 	 0.096356 	 -3.540184 	 
37.400002 	 -2.145500 	 -3.214514 	 
37.500000 	 -1.938400 	 -3.054704 	 
37.599998 	 -0.193530 	 -2.451328 	 
37.700001 	 -0.998040 	 -2.152881 	 
37.799999 	 0.806130 	 -1.613818 	 
37.900002 	 1.439800 	 -1.160338 	 
38.000000 	 1.905400 	 -0.485208 	 
38.099998 	 2.050600 	 -0.177968 	 
38.200001 	 2.357100 	 0.337992 	 
38.299999 	 2.070500 	 0.535406 	 
38.400002 	 2.562200 	 1.006176 	 
38.500000 	 5.209100 	 1.720926 	 
38.599998 	 1.809700 	 1.921249 	 
38.700001 	 3.226600 	 2.343713 	 
38.799999 	 4.766800 	 2.739780 	 
38.900002 	 5.109400 	 3.106740 	 
39.000000 	 4.316200 	 3.347820 	 
39.099998 	 5.212300 	 3.663990 	 
39.200001 	 4.707700 	 3.899050 	 
39.299999 	 5.924500 	 4.284450 	 
39.400002 	 5.360900 	 4.564320 	 
39.500000 	 4.358500 	 4.479260 	 
39.599998 	 2.465800 	 4.544870 	 
39.700001 	 4.958200 	 4.718030 	 
39.799999 	 6.371000 	 4.878450 	 
39.900002 	 4.537400 	 4.821250 	 
40.000000 	 3.426300 	 4.732260 	 
40.099998 	 5.014600 	 4.712490 	 
40.200001 	 3.123500 	 4.554070 	 
40.299999 	 4.298100 	 4.391430 	 
40.400002 	 2.412200 	 4.096560 	 
40.500000 	 2.349100 	 3.895620 	 
40.599998 	 2.845300 	 3.933570 	 
40.700001 	 1.477000 	 3.585450 	 
40.799999 	 2.668300 	 3.215180 	 
40.900002 	 -1.522100 	 2.609230 	 
41.000000 	 -2.053200 	 2.061280 	 
41.099998 	 -0.070222 	 1.552798 	 
41.200001 	 -2.246400 	 1.015808 	 
41.299999 	 -2.163100 	 0.369688 	 
41.400002 	 -1.677600 	 -0.039292 	 
41.500000 	 -2.772800 	 -0.551482 	 
41.599998 	 -3.516100 	 -1.187622 	 
41.700001 	 -3.350800 	 -1.670402 	 
41.799999 	 -5.098600 	 -2.447093 	 
41.900002 	 -4.407900 	 -2.735672 	 
42.000000 	 -3.330700 	 -2.863422 	 
42.099998 	 -4.417200 	 -3.298120 	 
42.200001 	 -2.201000 	 -3.293580 	 
42.299999 	 -3.757800 	 -3.453050 	 
42.400002 	 -3.252100 	 -3.610500 	 
42.500000 	 -4.758000 	 -3.809020 	 
42.599998 	 -6.140100 	 -4.071420 	 
42.700001 	 -5.463700 	 -4.282710 	 
42.799999 	 -3.110200 	 -4.083870 	 
42.900002 	 -5.414800 	 -4.184560 	 
43.000000 	 -3.266100 	 -4.178100 	 
43.099998 	 -3.246500 	 -4.061030 	 
43.200001 	 -4.514300 	 -4.292360 	 
43.299999 	 -2.179600 	 -4.134540 	 
43.400002 	 -3.958600 	 -4.205190 	 
43.500000 	 -2.138300 	 -3.943220 	 
43.599998 	 -2.749100 	 -3.604120 	 
43.700001 	 -1.116700 	 -3.169420 	 
43.799999 	 -1.025600 	 -2.960960 	 
43.900002 	 -1.887800 	 -2.608260 	 
44.000000 	 1.155200 	 -2.166130 	 
44.099998 	 1.680300 	 -1.673450 	 
44.200001 	 1.506300 	 -1.071390 	 
44.299999 	 1.233700 	 -0.730060 	 
44.400002 	 0.136830 	 -0.320517 	 
44.500000 	 1.605100 	 0.053823 	 
44.599998 	 3.196200 	 0.648353 	 
44.700001 	 3.416700 	 1.101693 	 
44.799999 	 3.604900 	 1.564743 	 
44.900002 	 4.119500 	 2.165473 	 
45.000000 	 5.419500 	 2.591903 	 
45.099998 	 5.455600 	 2.969433 	 
45.200001 	 3.060100 	 3.124813 	 
45.299999 	 4.843800 	 3.485823 	 
45.400002 	 2.917700 	 3.763910 	 
45.500000 	 6.998300 	 4.303230 	 
45.599998 	 6.572800 	 4.640890 	 
45.700001 	 6.206300 	 4.919850 	 
45.799999 	 5.146700 	 5.074030 	 
45.900002 	 5.431000 	 5.205180 	 
46.000000 	 4.152700 	 5.078500 	 
46.099998 	 5.278300 	 5.060770 	 
46.200001 	 3.616600 	 5.116420 	 
46.299999 	 2.098800 	 4.841920 	 
46.400002 	 4.218100 	 4.971960 	 
46.500000 	 4.539100 	 4.726040 	 
46.599998 	 3.073300 	 4.376090 	 
46.700001 	 -0.623910 	 3.693069 	 
46.799999 	 2.537900 	 3.432189 	 
46.900002 	 3.403800 	 3.229469 	 
47.000000 	 -1.448200 	 2.669379 	 
47.099998 	 1.686400 	 2.310189 	 
47.200001 	 0.706670 	 2.019196 	 
47.299999 	 -1.846800 	 1.624636 	 
47.400002 	 -1.980900 	 1.004736 	 
47.500000 	 -4.159000 	 0.134926 	 
47.599998 	 0.177950 	 -0.154609 	 
47.700001 	 -3.879000 	 -0.480118 	 
47.799999 	 -3.103800 	 -1.044288 	 
47.900002 	 -3.874200 	 -1.772088 	 
48.000000 	 -3.550600 	 -1.982328 	 
48.099998 	 -4.070400 	 -2.558008 	 
48.200001 	 -5.806000 	 -3.209275 	 
48.299999 	 -4.623400 	 -3.486935 	 
48.400002 	 -4.783800 	 -3.767225 	 
48.500000 	 -5.284000 	 -3.879725 	 
48.599998 	 -4.682700 	 -4.365790 	 
48.700001 	 -5.743000 	 -4.552190 	 
48.799999 	 -6.175400 	 -4.859350 	 
48.900002 	 -5.236100 	 -4.995540 	 
49.000000 	 -5.426100 	 -5.183090 	 
49.099998 	 -5.895000 	 -5.365551 	 
49.200001 	 -3.661000 	 -5.151050 	 
49.299999 	 -4.440100 	 -5.132720 	 
49.400002 	 -3.314700 	 -4.985810 	 
49.500000 	 -3.814100 	 -4.838820 	 
49.599998 	 -2.666900 	 -4.637240 	 
49.700001 	 -2.050600 	 -4.268000 	 
49.799999 	 -2.188400 	 -3.869300 	 
49.900002 	 -3.015100 	 -3.647200 	 
50.000000 	 -1.614000 	 -3.265990 	 
50.099998 	 -1.843200 	 -2.860810 	 
50.200001 	 0.159280 	 -2.478782 	 
50.299999 	 -0.242080 	 -2.058980 	 
50.400002 	 -0.053134 	 -1.732823 	 
50.500000 	 1.749300 	 -1.176483 	 
50.599998 	 2.564600 	 -0.653333 	 
50.700001 	 0.939790 	 -0.354294 	 
50.799999 	 2.526100 	 0.117156 	 
50.900002 	 3.494200 	 0.768086 	 
51.000000 	 3.273900 	 1.256876 	 
51.099998 	 5.560500 	 1.997245 	 
51.200001 	 3.753200 	 2.356637 	 
51.299999 	 4.900100 	 2.870856 	 
51.400002 	 3.320900 	 3.208259 	 
51.500000 	 4.022100 	 3.435539 	 
51.599998 	 5.300500 	 3.709129 	 
51.700001 	 5.609800 	 4.176130 	 
51.799999 	 5.291000 	 4.452621 	 
51.900002 	 7.161600 	 4.819360 	 
52.000000 	 4.427400 	 4.934711 	 
52.099998 	 4.261700 	 4.804830 	 
52.200001 	 5.706500 	 5.000160 	 
52.299999 	 3.651000 	 4.875250 	 
52.400002 	 6.442900 	 5.187449 	 
52.500000 	 3.380300 	 5.123270 	 
52.599998 	 3.305600 	 4.923780 	 
52.700001 	 4.376900 	 4.800490 	 
52.799999 	 2.068300 	 4.478220 	 
52.900002 	 3.365200 	 4.098580 	 
53.000000 	 2.771700 	 3.933010 	 
53.099998 	 0.436810 	 3.550521 	 
53.200001 	 1.862000 	 3.166071 	 
53.299999 	 0.876110 	 2.888582 	 
53.400002 	 -0.520490 	 2.192243 	 
53.500000 	 -1.094600 	 1.744753 	 
53.599998 	 -0.939620 	 1.320231 	 
53.700001 	 -1.200400 	 0.762501 	 
53.799999 	 -2.741000 	 0.281571 	 
53.900002 	 -2.050100 	 -0.259959 	 
54.000000 	 -2.917100 	 -0.828839 	 
54.099998 	 -4.033400 	 -1.275860 	 
54.200001 	 -4.579800 	 -1.920040 	 
54.299999 	 -4.457900 	 -2.453441 	 
54.400002 	 -4.993100 	 -2.900702 	 
54.500000 	 -3.367400 	 -3.127982 	 
54.599998 	 -5.783900 	 -3.612410 	 
54.700001 	 -4.675000 	 -3.959870 	 
54.799999 	 -4.400600 	 -4.125830 	 
54.900002 	 -5.953700 	 -4.516190 	 
55.000000 	 -4.630100 	 -4.687490 	 
55.099998 	 -5.445900 	 -4.828740 	 
55.200001 	 -5.760100 	 -4.946770 	 
55.299999 	 -6.203500 	 -5.121330 	 
55.400002 	 -5.510700 	 -5.173090 	 
55.500000 	 -2.618300 	 -5.098180 	 
55.599998 	 -5.634200 	 -5.083210 	 
55.700001 	 -4.405100 	 -5.056220 	 
55.799999 	 -4.558200 	 -5.071980 	 
55.900002 	 -2.259300 	 -4.702540 	 
56.000000 	 -3.525800 	 -4.592110 	 
56.099998 	 -2.612500 	 -4.308770 	 
56.200001 	 -0.985540 	 -3.831314 	 
56.299999 	 -0.299350 	 -3.240899 	 
56.400002 	 -1.833400 	 -2.873169 	 
56.500000 	 -0.434990 	 -2.654838 	 
56.599998 	 0.634830 	 -2.027935 	 
56.700001 	 0.743020 	 -1.513123 	 
56.799999 	 3.112300 	 -0.746073 	 
56.900002 	 3.015700 	 -0.218573 	 
57.000000 	 3.513900 	 0.485397 	 
57.099998 	 0.565100 	 0.803157 	 
57.200001 	 2.679600 	 1.169671 	 
57.299999 	 3.173500 	 1.516956 	 
57.400002 	 2.674100 	 1.967706 	 
57.500000 	 3.280600 	 2.339265 	 
57.599998 	 5.065900 	 2.782372 	 
57.700001 	 3.169400 	 3.025010 	 
57.799999 	 5.917500 	 3.305530 	 
57.900002 	 6.543400 	 3.658300 	 
58.000000 	 4.977600 	 3.804670 	 
58.099998 	 6.797000 	 4.427860 	 
58.200001 	 6.590800 	 4.818980 	 
58.299999 	 4.997500 	 5.001380 	 
58.400002 	 4.404400 	 5.174410 	 
58.500000 	 5.494400 	 5.395790 	 
58.599998 	 3.769300 	 5.266129 	 
58.700001 	 4.004500 	 5.349640 	 
58.799999 	 5.086800 	 5.266570 	 
58.900002 	 2.542100 	 4.866440 	 
59.000000 	 2.486300 	 4.617311 	 
59.099998 	 3.660700 	 4.303680 	 
59.200001 	 0.516360 	 3.696236 	 
59.299999 	 2.832900 	 3.479776 	 
59.400002 	 1.335700 	 3.172906 	 
59.500000 	 0.797680 	 2.703234 	 
59.599998 	 0.296810 	 2.355985 	 
59.700001 	 -0.436420 	 1.911893 	 
59.799999 	 -0.603280 	 1.342885 	 
59.900002 	 -1.503700 	 0.938305 	 
60.000000 	 -2.312800 	 0.458395 	 
60.099998 	 -0.982290 	 -0.005904 	 
60.200001 	 -2.443100 	 -0.301850 	 
60.299999 	 -2.406300 	 -0.825770 	 
60.400002 	 -2.693200 	 -1.228660 	 
60.500000 	 -3.793500 	 -1.687778 	 
60.599998 	 -4.305600 	 -2.148019 	 
60.700001 	 -3.802500 	 -2.484627 	 
60.799999 	 -4.781100 	 -2.902409 	 
60.900002 	 -4.159000 	 -3.167939 	 
61.000000 	 -5.919800 	 -3.528638 	 
61.099998 	 -4.906200 	 -3.921030 	 
61.200001 	 -4.871400 	 -4.163859 	 
61.299999 	 -3.616800 	 -4.284910 	 
61.400002 	 -3.203700 	 -4.335960 	 
61.500000 	 -5.084500 	 -4.465060 	 
61.599998 	 -5.387500 	 -4.573250 	 
61.700001 	 -5.571400 	 -4.750140 	 
61.799999 	 -4.866400 	 -4.758670 	 
61.900002 	 -4.011100 	 -4.743880 	 
62.000000 	 -4.942300 	 -4.646130 	 
62.099998 	 -3.818400 	 -4.537350 	 
62.200001 	 -2.402000 	 -4.290410 	 
62.299999 	 -1.110800 	 -4.039810 	 
62.400002 	 -1.110800 	 -3.830520 	 
62.500000 	 -2.263800 	 -3.548450 	 
62.599998 	 -3.148000 	 -3.324500 	 
62.700001 	 -1.055600 	 -2.872920 	 
62.799999 	 0.190050 	 -2.367275 	 
62.900002 	 0.390590 	 -1.927106 	 
63.000000 	 0.231620 	 -1.409714 	 
63.099998 	 0.761610 	 -0.951713 	 
63.200001 	 2.242500 	 -0.487263 	 
63.299999 	 3.641100 	 -0.012073 	 
63.400002 	 3.317100 	 0.430717 	 
63.500000 	 0.907120 	 0.747809 	 
63.599998 	 2.632800 	 1.325889 	 
63.700001 	 2.737700 	 1.705219 	 
63.799999 	 3.211500 	 2.007364 	 
63.900002 	 5.767300 	 2.545035 	 
64.000000 	 4.963100 	 3.018183 	 
64.099998 	 4.796700 	 3.421692 	 
64.199997 	 4.778300 	 3.675272 	 
64.300003 	 3.073700 	 3.618532 	 
64.400002 	 4.705400 	 3.757362 	 
64.500000 	 4.366400 	 4.103290 	 
64.599998 	 4.739400 	 4.313950 	 
64.699997 	 3.984400 	 4.438620 	 
64.800003 	 5.272500 	 4.644720 	 
64.900002 	 4.067500 	 4.474740 	 
65.000000 	 4.385600 	 4.416990 	 
65.099998 	 4.411200 	 4.378440 	 
65.199997 	 3.525800 	 4.253190 	 
65.300003 	 3.148900 	 4.260710 	 
65.400002 	 3.625100 	 4.152680 	 
65.500000 	 3.209100 	 4.036950 	 
65.599998 	 0.559750 	 3.618985 	 
65.699997 	 0.078394 	 3.228384 	 
65.800003 	 2.222000 	 2.923335 	 
65.900002 	 0.089518 	 2.525536 	 
66.000000 	 0.034930 	 2.090469 	 
66.099998 	 -0.401010 	 1.609248 	 
66.199997 	 -1.366000 	 1.120068 	 
66.300003 	 -1.472700 	 0.657908 	 
66.400002 	 -2.460600 	 0.049338 	 
66.500000 	 -1.434700 	 -0.415042 	 
66.599998 	 -2.361800 	 -0.707197 	 
66.699997 	 -4.079700 	 -1.123006 	 
66.800003 	 -3.014500 	 -1.646656 	 
66.900002 	 -5.309500 	 -2.186558 	 
67.000000 	 -5.443600 	 -2.734411 	 
67.099998 	 -5.716500 	 -3.265960 	 
67.199997 	 -4.912700 	 -3.620630 	 
67.300003 	 -4.352400 	 -3.908600 	 
67.400002 	 -4.022700 	 -4.064810 	 
67.500000 	 -5.569200 	 -4.478260 	 
67.599998 	 -5.797500 	 -4.821830 	 
67.699997 	 -4.765000 	 -4.890360 	 
67.800003 	 -4.197200 	 -5.008630 	 
67.900002 	 -5.825400 	 -5.060220 	 
68.000000 	 -4.903200 	 -5.006180 	 
68.099998 	 -4.166100 	 -4.851140 	 
68.199997 	 -4.407500 	 -4.800620 	 
68.300003 	 -3.875100 	 -4.752890 	 
68.400002 	 -3.800900 	 -4.730710 	 
68.500000 	 -1.248200 	 -4.298610 	 
68.599998 	 -4.281400 	 -4.147000 	 
68.699997 	 -1.913700 	 -3.861870 	 
68.800003 	 0.230240 	 -3.419126 	 
68.900002 	 -1.417000 	 -2.978286 	 
69.000000 	 -0.368560 	 -2.524822 	 
69.099998 	 -2.096200 	 -2.317832 	 
69.199997 	 -1.199300 	 -1.997012 	 
69.300003 	 -0.554430 	 -1.664945 	 
69.400002 	 2.972500 	 -0.987605 	 
69.500000 	 2.650200 	 -0.597765 	 
69.599998 	 1.808000 	 0.011175 	 
69.699997 	 3.021300 	 0.504675 	 
69.800003 	 5.066300 	 0.988281 	 
69.900002 	 2.668600 	 1.396841 	 
70.000000 	 4.347100 	 1.868407 	 
70.099998 	 4.979800 	 2.576007 	 
70.199997 	 3.195800 	 3.015517 	 
70.300003 	 3.406900 	 3.411650 	 
70.400002 	 5.142300 	 3.628630 	 
70.500000 	 5.521200 	 3.915730 	 
70.599998 	 3.551700 	 4.090100 	 
70.699997 	 6.073700 	 4.395340 	 
70.800003 	 4.542900 	 4.343000 	 
70.900002 	 3.047700 	 4.380910 	 
71.000000 	 4.981200 	 4.444320 	 
71.099998 	 5.870900 	 4.533430 	 
71.199997 	 4.088600 	 4.622710 	 
71.300003 	 5.491900 	 4.831210 	 
71.400002 	 4.528900 	 4.769870 	 
71.500000 	 2.075200 	 4.425270 	 
71.599998 	 2.205700 	 4.290670 	 
71.699997 	 2.596200 	 3.942920 	 
71.800003 	 3.399500 	 3.828580 	 
71.900002 	 2.255900 	 3.749400 	 
72.000000 	 -0.128440 	 3.238436 	 
72.099998 	 2.159600 	 2.867306 	 
72.199997 	 0.475710 	 2.506017 	 
72.300003 	 0.649860 	 2.021813 	 
72.400002 	 -1.300100 	 1.438913 	 
72.500000 	 -2.217400 	 1.009653 	 
72.599998 	 -2.657500 	 0.523333 	 
72.699997 	 -1.057900 	 0.157923 	 
72.800003 	 -4.614100 	 -0.643437 	 
72.900002 	 -2.976000 	 -1.166627 	 
73.000000 	 -3.964500 	 -1.550233 	 
73.099998 	 -4.183600 	 -2.184553 	 
73.199997 	 -4.621700 	 -2.694294 	 
73.300003 	 -4.599100 	 -3.219190 	 
73.400002 	 -4.307500 	 -3.519930 	 
73.500000 	 -5.451500 	 -3.843340 	 
73.599998 	 -5.811300 	 -4.158720 	 
73.699997 	 -6.448500 	 -4.697780 	 
73.800003 	 -6.073200 	 -4.843690 	 
73.900002 	 -3.645100 	 -4.910600 	 
74.000000 	 -5.376100 	 -5.051761 	 
74.099998 	 -6.401600 	 -5.273560 	 
74.199997 	 -5.542800 	 -5.365670 	 
74.300003 	 -4.146200 	 -5.320380 	 
74.400002 	 -4.315100 	 -5.321140 	 
74.500000 	 -3.844100 	 -5.160400 	 
74.599998 	 -3.933000 	 -4.972570 	 
74.699997 	 -1.884300 	 -4.516150 	 
74.800003 	 -3.529000 	 -4.261730 	 
74.900002 	 -3.189400 	 -4.216160 	 
75.000000 	 -3.794000 	 -4.057950 	 
75.099998 	 -1.624400 	 -3.580230 	 
75.199997 	 -1.320700 	 -3.158020 	 
75.300003 	 0.050078 	 -2.738392 	 
75.400002 	 -0.547640 	 -2.361646 	 
75.500000 	 -0.654610 	 -2.042697 	 
75.599998 	 -0.971270 	 -1.746524 	 
75.699997 	 4.337900 	 -1.124304 	 
75.800003 	 2.337000 	 -0.537704 	 
75.900002 	 4.453000 	 0.226536 	 
76.000000 	 3.241300 	 0.930066 	 
76.099998 	 1.763300 	 1.268836 	 
76.199997 	 4.588400 	 1.859746 	 
76.300003 	 3.501500 	 2.204888 	 
76.400002 	 5.428100 	 2.802462 	 
76.500000 	 5.489900 	 3.416913 	 
76.599998 	 5.330700 	 4.047110 	 
76.699997 	 5.172300 	 4.130549 	 
76.800003 	 4.724600 	 4.369310 	 
76.900002 	 6.824100 	 4.606420 	 
77.000000 	 4.864800 	 4.768770 	 
77.099998 	 3.735000 	 4.965940 	 
77.199997 	 3.603200 	 4.867420 	 
77.300003 	 4.873500 	 5.004620 	 
77.400002 	 3.722700 	 4.834080 	 
77.500000 	 2.700200 	 4.555110 	 
77.599998 	 3.699600 	 4.392000 	 
77.699997 	 4.363100 	 4.311080 	 
77.800003 	 4.335000 	 4.272120 	 
77.900002 	 2.905700 	 3.880280 	 
78.000000 	 1.840000 	 3.577800 	 
78.099998 	 1.631900 	 3.367490 	 
78.199997 	 0.183940 	 3.025564 	 
78.300003 	 1.407500 	 2.678964 	 
78.400002 	 -0.074548 	 2.299239 	 
78.500000 	 -0.438100 	 1.985409 	 
78.599998 	 -0.776150 	 1.537834 	 
78.699997 	 -1.071200 	 0.994404 	 
78.800003 	 -0.914850 	 0.469419 	 
78.900002 	 -1.814400 	 -0.002591 	 
79.000000 	 -1.001400 	 -0.286731 	 
79.099998 	 -3.046000 	 -0.754521 	 
79.199997 	 -2.519100 	 -1.024825 	 
79.300003 	 -4.570400 	 -1.622615 	 
79.400002 	 -4.992500 	 -2.114410 	 
79.500000 	 -6.009600 	 -2.671560 	 
79.599998 	 -4.897700 	 -3.083715 	 
79.699997 	 -4.641200 	 -3.440715 	 
79.800003 	 -5.017700 	 -3.851000 	 
79.900002 	 -4.536400 	 -4.123200 	 
80.000000 	 -4.694100 	 -4.492470 	 
80.099998 	 -6.068100 	 -4.794680 	 
80.199997 	 -3.369700 	 -4.879740 	 
80.300003 	 -3.836700 	 -4.806370 	 
80.400002 	 -4.085200 	 -4.715640 	 
80.500000 	 -5.003200 	 -4.615000 	 
80.599998 	 -2.967800 	 -4.422010 	 
80.699997 	 -3.478500 	 -4.305740 	 
80.800003 	 -2.696700 	 -4.073640 	 
80.900002 	 -4.269700 	 -4.046970 	 
81.000000 	 -1.937900 	 -3.771350 	 
81.099998 	 -2.939100 	 -3.458450 	 
81.199997 	 -3.030800 	 -3.424560 	 
81.300003 	 -2.871500 	 -3.328040 	 
81.400002 	 -2.111300 	 -3.130650 	 
81.500000 	 -2.510300 	 -2.881360 	 
81.599998 	 -1.014500 	 -2.686030 	 
81.699997 	 -0.866830 	 -2.424863 	 
81.800003 	 1.488700 	 -2.006323 	 
81.900002 	 2.608100 	 -1.318543 	 
82.000000 	 1.036800 	 -1.021073 	 
82.099998 	 1.894600 	 -0.537703 	 
82.199997 	 1.544900 	 -0.080133 	 
82.300003 	 3.936700 	 0.600687 	 
82.400002 	 1.925500 	 1.004367 	 
82.500000 	 5.023300 	 1.757727 	 
82.599998 	 4.620000 	 2.321177 	 
82.699997 	 2.348100 	 2.642670 	 
82.800003 	 3.948100 	 2.888610 	 
82.900002 	 4.285300 	 3.056330 	 
83.000000 	 5.366900 	 3.489340 	 
83.099998 	 6.181500 	 3.918030 	 
83.199997 	 4.924900 	 4.256030 	 
83.300003 	 4.421400 	 4.304500 	 
83.400002 	 2.351800 	 4.347130 	 
83.500000 	 4.235200 	 4.268320 	 
83.599998 	 5.816300 	 4.387950 	 
83.699997 	 3.769000 	 4.530040 	 
83.800003 	 4.856200 	 4.620851 	 
83.900002 	 4.367000 	 4.629020 	 
84.000000 	 2.128800 	 4.305210 	 
84.099998 	 3.069000 	 3.993960 	 
84.199997 	 3.760300 	 3.877500 	 
84.300003 	 2.979200 	 3.733280 	 
84.400002 	 2.690800 	 3.767180 	 
84.500000 	 1.637500 	 3.507410 	 
84.599998 	 0.172690 	 2.943049 	 
84.699997 	 1.085900 	 2.674739 	 
84.800003 	 0.300220 	 2.219141 	 
84.900002 	 -0.667090 	 1.715732 	 
85.000000 	 -2.420600 	 1.260792 	 
85.099998 	 -1.343600 	 0.819532 	 
85.199997 	 -2.695900 	 0.173912 	 
85.300003 	 -0.676880 	 -0.191696 	 
85.400002 	 -2.270300 	 -0.687806 	 
85.500000 	 -1.324300 	 -0.983986 	 
85.599998 	 -3.399400 	 -1.341195 	 
85.699997 	 -4.128900 	 -1.862675 	 
85.800003 	 -4.730700 	 -2.365767 	 
85.900002 	 -4.978700 	 -2.796928 	 
86.000000 	 -5.013500 	 -3.056218 	 
86.099998 	 -3.387400 	 -3.260598 	 
86.199997 	 -6.059900 	 -3.596998 	 
86.300003 	 -4.257200 	 -3.955029 	 
86.400002 	 -5.109000 	 -4.238900 	 
86.500000 	 -3.479100 	 -4.454380 	 
86.599998 	 -6.258300 	 -4.740270 	 
86.699997 	 -4.457400 	 -4.773120 	 
86.800003 	 -5.618900 	 -4.861940 	 
86.900002 	 -4.903500 	 -4.854420 	 
87.000000 	 -4.141300 	 -4.767200 	 
87.099998 	 -4.300500 	 -4.858510 	 
87.199997 	 -3.096500 	 -4.562170 	 
87.300003 	 -3.067800 	 -4.443230 	 
87.400002 	 -2.351200 	 -4.167450 	 
87.500000 	 -3.695100 	 -4.189050 	 
87.599998 	 -2.135800 	 -3.776800 	 
87.699997 	 -1.830700 	 -3.514130 	 
87.800003 	 -0.853410 	 -3.037581 	 
87.900002 	 -0.388390 	 -2.586070 	 
88.000000 	 0.987570 	 -2.073183 	 
88.099998 	 0.795850 	 -1.563548 	 
88.199997 	 2.379100 	 -1.015988 	 
88.300003 	 2.802400 	 -0.428968 	 
88.400002 	 0.693390 	 -0.124509 	 
88.500000 	 1.389400 	 0.383941 	 
88.599998 	 2.151000 	 0.812621 	 
88.699997 	 3.529100 	 1.348601 	 
88.800003 	 2.499100 	 1.683852 	 
88.900002 	 4.259000 	 2.148591 	 
89.000000 	 4.690300 	 2.518864 	 
89.099998 	 4.385800 	 2.877859 	 
89.199997 	 4.300700 	 3.070019 	 
89.300003 	 6.514300 	 3.441209 	 
89.400002 	 4.676800 	 3.839550 	 
89.500000 	 5.703300 	 4.270940 	 
89.599998 	 4.446200 	 4.500460 	 
89.699997 	 6.140700 	 4.761620 	 
89.800003 	 2.916200 	 4.803330 	 
89.900002 	 4.160500 	 4.793480 	 
90.000000 	 4.473500 	 4.771800 	 
90.099998 	 2.231300 	 4.556350 	 
90.199997 	 7.027500 	 4.829030 	 
90.300003 	 3.388100 	 4.516410 	 
90.400002 	 5.461300 	 4.594860 	 
90.500000 	 3.501500 	 4.374680 	 
90.599998 	 2.319700 	 4.162030 	 
90.699997 	 0.495550 	 3.597515 	 
90.800003 	 0.976080 	 3.403503 	 
90.900002 	 1.263600 	 3.113813 	 
91.000000 	 -1.498400 	 2.516623 	 
91.099998 	 -0.538100 	 2.239683 	 
91.199997 	 0.115750 	 1.548508 	 
91.300003 	 -0.178740 	 1.191824 	 
91.400002 	 -1.571200 	 0.488574 	 
91.500000 	 -3.135000 	 -0.175076 	 
91.599998 	 -3.705200 	 -0.777566 	 
91.699997 	 -2.747100 	 -1.101831 	 
91.800003 	 -3.043600 	 -1.503799 	 
91.900002 	 -1.778200 	 -1.807979 	 
92.000000 	 -3.443700 	 -2.002509 	 
92.099998 	 -4.152900 	 -2.363989 	 
92.199997 	 -4.335300 	 -2.809094 	 
92.300003 	 -4.902000 	 -3.281420 	 
92.400002 	 -5.438100 	 -3.668110 	 
92.500000 	 -3.981900 	 -3.752800 	 
92.599998 	 -5.165600 	 -3.898840 	 
92.699997 	 -4.742600 	 -4.098390 	 
92.800003 	 -4.628700 	 -4.256900 	 
92.900002 	 -5.752900 	 -4.654370 	 
93.000000 	 -5.759900 	 -4.885990 	 
93.099998 	 -5.106000 	 -4.981300 	 
93.199997 	 -6.506200 	 -5.198390 	 
93.300003 	 -3.469100 	 -5.055100 	 
93.400002 	 -2.955800 	 -4.806870 	 
93.500000 	 -2.066300 	 -4.615310 	 
93.599998 	 -4.611600 	 -4.559910 	 
93.699997 	 -1.435400 	 -4.229190 	 
93.800003 	 -3.647100 	 -4.131030 	 
93.900002 	 -2.353600 	 -3.791100 	 
94.000000 	 -1.446900 	 -3.359800 	 
94.099998 	 -2.435700 	 -3.092770 	 
94.199997 	 0.287740 	 -2.413376 	 
94.300003 	 0.264590 	 -2.040007 	 
94.400002 	 0.669330 	 -1.677494 	 
94.500000 	 -0.243650 	 -1.495229 	 
94.599998 	 2.216200 	 -0.812449 	 
94.699997 	 1.766600 	 -0.492249 	 
94.800003 	 4.083600 	 0.280821 	 
94.900002 	 4.420600 	 0.958241 	 
95.000000 	 3.288000 	 1.431731 	 
95.099998 	 3.949700 	 2.070271 	 
95.199997 	 5.260800 	 2.567577 	 
95.300003 	 5.666800 	 3.107798 	 
95.400002 	 4.671000 	 3.507966 	 
95.500000 	 7.080600 	 4.240390 	 
95.599998 	 5.715200 	 4.590290 	 
95.699997 	 6.267800 	 5.040410 	 
95.800003 	 4.537400 	 5.085790 	 
95.900002 	 3.550700 	 4.998800 	 
96.000000 	 5.998100 	 5.269810 	 
96.099998 	 5.415900 	 5.416430 	 
96.199997 	 5.356500 	 5.426000 	 
96.300003 	 3.609300 	 5.220250 	 
96.400002 	 3.567100 	 5.109860 	 
96.500000 	 4.985200 	 4.900320 	 
96.599998 	 3.139200 	 4.642720 	 
96.699997 	 4.724800 	 4.488420 	 
96.800003 	 1.994800 	 4.234160 	 
96.900002 	 4.297400 	 4.308830 	 
97.000000 	 0.163590 	 3.725379 	 
97.099998 	 -1.010900 	 3.082699 	 
97.199997 	 1.150900 	 2.662139 	 
97.300003 	 2.269600 	 2.528169 	 
97.400002 	 0.974500 	 2.268909 	 
97.500000 	 0.563770 	 1.826766 	 
97.599998 	 -1.267200 	 1.386126 	 
97.699997 	 -1.333200 	 0.780326 	 
97.800003 	 -1.704500 	 0.410396 	 
97.900002 	 -3.678800 	 -0.387224 	 
98.000000 	 -1.246100 	 -0.528193 	 
98.099998 	 -3.641200 	 -0.791223 	 
98.199997 	 -3.157600 	 -1.222073 	 
98.300003 	 -4.297400 	 -1.878773 	 
98.400002 	 -2.379700 	 -2.214193 	 
98.500000 	 -2.950800 	 -2.565650 	 
98.599998 	 -3.959700 	 -2.834900 	 
98.699997 	 -5.225100 	 -3.224090 	 
98.800003 	 -6.214100 	 -3.675050 	 
98.900002 	 -4.689600 	 -3.776130 	 
99.000000 	 -3.862300 	 -4.037750 	 
99.099998 	 -5.086300 	 -4.182260 	 
99.199997 	 -6.314400 	 -4.497940 	 
99.300003 	 -2.694100 	 -4.337610 	 
99.400002 	 -5.776500 	 -4.677290 	 
99.500000 	 -2.695200 	 -4.651730 	 
99.599998 	 -3.246800 	 -4.580440 	 
99.699997 	 -3.434900 	 -4.401420 	 
99.800003 	 -3.223300 	 -4.102340 	 
99.900002 	 -2.541900 	 -3.887570 	 
100.000000 	 -2.949300 	 -3.796270 	 
