0.000000 	 -0.275940 	 -0.275940 	 
0.100000 	 0.683070 	 0.683070 	 
0.200000 	 0.037993 	 0.037993 	 
0.300000 	 2.857600 	 2.857600 	 
0.400000 	 2.869800 	 2.869800 	 
0.500000 	 3.218300 	 3.218300 	 
0.600000 	 3.508400 	 3.508400 	 
0.700000 	 3.854200 	 3.854200 	 
0.800000 	 4.128100 	 4.128100 	 
0.900000 	 3.274900 	 3.274900 	 
1.000000 	 3.344400 	 3.344400 	 
1.100000 	 2.214000 	 2.214000 	 
1.200000 	 5.258300 	 5.258300 	 
1.300000 	 4.642500 	 4.642500 	 
1.400000 	 4.463200 	 4.463200 	 
1.500000 	 5.566200 	 5.566200 	 
1.600000 	 8.322400 	 8.322400 	 
1.700000 	 3.257900 	 3.257900 	 
1.800000 	 3.052600 	 3.052600 	 
1.900000 	 4.068400 	 4.068400 	 
2.000000 	 4.257900 	 4.257900 	 
2.100000 	 2.910700 	 2.910700 	 
2.200000 	 2.062300 	 2.062300 	 
2.300000 	 2.206100 	 2.206100 	 
2.400000 	 4.546000 	 4.546000 	 
2.500000 	 1.799500 	 1.799500 	 
2.600000 	 1.845300 	 1.845300 	 
2.700000 	 0.810960 	 0.810960 	 
2.800000 	 2.950800 	 2.950800 	 
2.900000 	 0.124140 	 0.124140 	 
3.000000 	 0.235530 	 3.079049 	 
3.100000 	 -2.103400 	 2.986167 	 
3.200000 	 0.114450 	 2.988716 	 
3.300000 	 -1.283900 	 2.850666 	 
3.400000 	 -1.315900 	 2.711143 	 
3.500000 	 1.102400 	 2.640613 	 
3.600000 	 -3.172800 	 2.417906 	 
3.700000 	 -0.992930 	 2.256335 	 
3.800000 	 -3.172200 	 2.012992 	 
3.900000 	 -1.763500 	 1.845045 	 
4.000000 	 -4.533800 	 1.582438 	 
4.100000 	 -1.692800 	 1.452212 	 
4.200000 	 -5.885700 	 1.080745 	 
4.300000 	 -3.463600 	 0.810542 	 
4.400000 	 -4.026400 	 0.527555 	 
4.500000 	 -5.371500 	 0.162965 	 
4.600000 	 -4.459100 	 -0.263085 	 
4.700000 	 -2.907800 	 -0.468608 	 
4.800000 	 -4.961800 	 -0.735755 	 
4.900000 	 -3.761900 	 -0.996765 	 
5.000000 	 -3.987300 	 -1.271605 	 
5.100000 	 -5.896500 	 -1.565178 	 
5.200000 	 -5.502600 	 -1.817342 	 
5.300000 	 -3.645200 	 -2.012385 	 
5.400000 	 -5.184600 	 -2.336739 	 
5.500000 	 -4.109600 	 -2.533708 	 
5.600000 	 -3.161000 	 -2.700585 	 
5.700000 	 -3.901000 	 -2.857651 	 
5.800000 	 -1.190800 	 -2.995704 	 
5.900000 	 -1.606100 	 -3.053378 	 
6.000000 	 -1.957200 	 -3.126469 	 
6.100000 	 -0.867010 	 -3.085256 	 
6.200000 	 -0.939910 	 -3.120402 	 
6.300000 	 0.167520 	 -3.072021 	 
6.400000 	 2.308700 	 -2.951201 	 
6.500000 	 -1.092100 	 -3.024351 	 
6.600000 	 -0.235520 	 -2.926441 	 
6.700000 	 1.855500 	 -2.831494 	 
6.800000 	 3.098500 	 -2.622471 	 
6.900000 	 2.750800 	 -2.471994 	 
7.000000 	 3.825700 	 -2.193344 	 
7.100000 	 3.466300 	 -2.021374 	 
7.200000 	 2.874100 	 -1.729381 	 
7.300000 	 4.074500 	 -1.478111 	 
7.400000 	 5.440700 	 -1.162541 	 
7.500000 	 5.438900 	 -0.802194 	 
7.600000 	 5.062700 	 -0.484801 	 
7.700000 	 4.102400 	 -0.251127 	 
7.800000 	 5.320300 	 0.091609 	 
7.900000 	 4.809700 	 0.377329 	 
8.000000 	 4.235300 	 0.651416 	 
8.100000 	 4.234100 	 0.989103 	 
8.200000 	 6.887000 	 1.402089 	 
8.300000 	 5.805800 	 1.717122 	 
8.400000 	 4.891800 	 2.053002 	 
8.500000 	 5.289000 	 2.366289 	 
8.600000 	 3.916000 	 2.602189 	 
8.700000 	 2.109100 	 2.802526 	 
8.800000 	 2.079700 	 2.911542 	 
8.900000 	 0.335760 	 2.976271 	 
9.000000 	 1.727900 	 3.099108 	 
9.100000 	 2.291000 	 3.204375 	 
9.200000 	 0.484920 	 3.251869 	 
9.300000 	 0.096449 	 3.249500 	 
9.400000 	 0.447220 	 3.187451 	 
9.500000 	 -0.946460 	 3.192306 	 
9.600000 	 -2.175700 	 3.127633 	 
9.700000 	 -2.076600 	 2.996563 	 
9.800000 	 -1.358600 	 2.847993 	 
9.900000 	 -3.312900 	 2.645869 	 
10.000000 	 -2.279900 	 2.442349 	 
10.100000 	 -2.813200 	 2.233033 	 
10.200000 	 -2.455500 	 2.055380 	 
10.300000 	 -3.744500 	 1.794746 	 
10.400000 	 -3.147200 	 1.508483 	 
10.500000 	 -4.937100 	 1.162616 	 
10.600000 	 -3.620000 	 0.873193 	 
10.700000 	 -4.397500 	 0.589863 	 
10.800000 	 -6.535000 	 0.194686 	 
10.900000 	 -3.862800 	 -0.094397 	 
11.000000 	 -5.137100 	 -0.406810 	 
11.100000 	 -6.014400 	 -0.748427 	 
11.200000 	 -4.283500 	 -1.120777 	 
11.300000 	 -4.311100 	 -1.458007 	 
11.400000 	 -4.266100 	 -1.763270 	 
11.500000 	 -4.862100 	 -2.101640 	 
11.600000 	 -3.453300 	 -2.347283 	 
11.700000 	 -5.147600 	 -2.589173 	 
11.800000 	 -4.097000 	 -2.795063 	 
11.900000 	 -1.332000 	 -2.850655 	 
12.000000 	 -3.051200 	 -3.009959 	 
12.100000 	 -0.982860 	 -3.119087 	 
12.200000 	 -1.487800 	 -3.184845 	 
12.300000 	 -1.868000 	 -3.250327 	 
12.400000 	 -1.142900 	 -3.303330 	 
12.500000 	 -0.358470 	 -3.283731 	 
12.600000 	 -0.337880 	 -3.222470 	 
12.700000 	 2.141900 	 -3.081854 	 
12.800000 	 0.262800 	 -3.027807 	 
12.900000 	 0.564890 	 -2.898548 	 
13.000000 	 2.552100 	 -2.737481 	 
13.100000 	 2.975700 	 -2.544517 	 
13.200000 	 4.256000 	 -2.320801 	 
13.300000 	 0.719650 	 -2.171996 	 
13.400000 	 3.524800 	 -1.949596 	 
13.500000 	 4.380200 	 -1.639019 	 
13.600000 	 3.370000 	 -1.406019 	 
13.700000 	 3.954500 	 -1.127619 	 
13.800000 	 5.423800 	 -0.728992 	 
13.900000 	 5.486700 	 -0.417342 	 
14.000000 	 5.236300 	 -0.071562 	 
14.100000 	 3.514200 	 0.246058 	 
14.200000 	 5.624700 	 0.576331 	 
14.300000 	 5.172500 	 0.892451 	 
14.400000 	 6.507700 	 1.251578 	 
14.500000 	 5.375100 	 1.592818 	 
14.600000 	 3.165600 	 1.813448 	 
14.700000 	 4.865800 	 2.147228 	 
14.800000 	 3.849500 	 2.412111 	 
14.900000 	 3.558000 	 2.575111 	 
15.000000 	 3.292500 	 2.786568 	 
15.100000 	 2.600000 	 2.905997 	 
15.200000 	 2.012100 	 3.022660 	 
15.300000 	 1.184200 	 3.124400 	 
15.400000 	 -0.215070 	 3.155327 	 
15.500000 	 1.770900 	 3.226306 	 
15.600000 	 -1.414600 	 3.190416 	 
15.700000 	 1.793100 	 3.178789 	 
15.800000 	 -1.094900 	 3.133533 	 
15.900000 	 -1.173800 	 3.075576 	 
16.000000 	 -1.876300 	 2.927963 	 
16.100000 	 -1.553400 	 2.776993 	 
16.200001 	 -2.381900 	 2.555730 	 
16.299999 	 -4.189800 	 2.392081 	 
16.400000 	 -5.514500 	 2.090771 	 
16.500000 	 -3.798300 	 1.818154 	 
16.600000 	 -4.035200 	 1.571314 	 
16.700001 	 -2.717500 	 1.348914 	 
16.799999 	 -4.864700 	 1.005964 	 
16.900000 	 -4.372000 	 0.677341 	 
17.000000 	 -4.189800 	 0.363138 	 
17.100000 	 -6.339400 	 0.034684 	 
17.200001 	 -4.248700 	 -0.294429 	 
17.299999 	 -5.137800 	 -0.638106 	 
17.400000 	 -6.172700 	 -1.060786 	 
17.500000 	 -5.001600 	 -1.406676 	 
17.600000 	 -5.236400 	 -1.686743 	 
17.700001 	 -2.324300 	 -1.926413 	 
17.799999 	 -4.633200 	 -2.209169 	 
17.900000 	 -3.388300 	 -2.440712 	 
18.000000 	 -2.585700 	 -2.636653 	 
18.100000 	 -2.019100 	 -2.790622 	 
18.200001 	 -4.509300 	 -3.008003 	 
18.299999 	 -3.280400 	 -3.156822 	 
18.400000 	 -3.867700 	 -3.278577 	 
18.500000 	 -1.788800 	 -3.397233 	 
18.600000 	 -0.378370 	 -3.362692 	 
18.700001 	 -0.446570 	 -3.437348 	 
18.799999 	 -1.329400 	 -3.445164 	 
18.900000 	 2.079700 	 -3.336715 	 
19.000000 	 0.140100 	 -3.269501 	 
19.100000 	 2.668600 	 -3.128768 	 
19.200001 	 1.724200 	 -2.991898 	 
19.299999 	 3.167800 	 -2.746645 	 
19.400000 	 3.404200 	 -2.449355 	 
19.500000 	 6.331900 	 -2.111681 	 
19.600000 	 3.547100 	 -1.858938 	 
19.700001 	 3.088600 	 -1.665401 	 
19.799999 	 5.342200 	 -1.325171 	 
19.900000 	 4.020200 	 -1.045431 	 
20.000000 	 4.160300 	 -0.767095 	 
20.100000 	 4.485600 	 -0.406261 	 
20.200001 	 4.663300 	 -0.109195 	 
20.299999 	 5.339700 	 0.240055 	 
20.400000 	 5.863800 	 0.641272 	 
20.500000 	 3.875300 	 0.937169 	 
20.600000 	 5.684300 	 1.301192 	 
20.700001 	 3.888900 	 1.508299 	 
20.799999 	 3.763200 	 1.788178 	 
20.900000 	 1.259900 	 1.943118 	 
21.000000 	 4.380700 	 2.175332 	 
21.100000 	 4.789900 	 2.402298 	 
21.200001 	 3.630200 	 2.673615 	 
21.299999 	 3.276400 	 2.892175 	 
21.400000 	 2.775800 	 3.113625 	 
21.500000 	 3.067200 	 3.275492 	 
21.600000 	 2.686000 	 3.377638 	 
21.700001 	 1.760400 	 3.451203 	 
21.799999 	 0.956230 	 3.527391 	 
21.900000 	 -1.009100 	 3.424431 	 
22.000000 	 0.617630 	 3.440349 	 
22.100000 	 -1.901500 	 3.288012 	 
22.200001 	 -1.595800 	 3.177345 	 
22.299999 	 -2.566100 	 2.986215 	 
22.400000 	 -1.452600 	 2.824322 	 
22.500000 	 -3.729500 	 2.488942 	 
22.600000 	 -3.075100 	 2.268202 	 
22.700001 	 -2.795000 	 2.072082 	 
22.799999 	 -2.601100 	 1.807305 	 
22.900000 	 -4.615600 	 1.519445 	 
23.000000 	 -4.095300 	 1.244259 	 
23.100000 	 -5.150300 	 0.923062 	 
23.200001 	 -5.920700 	 0.570262 	 
23.299999 	 -4.030900 	 0.257908 	 
23.400000 	 -4.525900 	 -0.088415 	 
23.500000 	 -4.094800 	 -0.354084 	 
23.600000 	 -5.647700 	 -0.731818 	 
23.700001 	 -3.896300 	 -0.991324 	 
23.799999 	 -6.031900 	 -1.317828 	 
23.900000 	 -4.386300 	 -1.506035 	 
24.000000 	 -4.142000 	 -1.790125 	 
24.100000 	 -6.010900 	 -2.150151 	 
24.200001 	 -3.235700 	 -2.379014 	 
24.299999 	 -2.083300 	 -2.557671 	 
24.400000 	 -2.105000 	 -2.720364 	 
24.500000 	 -2.998700 	 -2.922561 	 
24.600000 	 -2.260300 	 -3.087438 	 
24.700001 	 -2.434500 	 -3.227268 	 
24.799999 	 -2.538900 	 -3.343772 	 
24.900000 	 -1.798100 	 -3.370072 	 
25.000000 	 -0.296400 	 -3.400540 	 
25.100000 	 -0.381210 	 -3.349864 	 
25.200001 	 2.489100 	 -3.213700 	 
25.299999 	 1.265500 	 -3.085980 	 
25.400000 	 1.726000 	 -2.980026 	 
25.500000 	 1.562000 	 -2.803643 	 
25.600000 	 2.177500 	 -2.628557 	 
25.700001 	 1.757800 	 -2.476797 	 
25.799999 	 4.366800 	 -2.244534 	 
25.900000 	 2.438900 	 -2.009384 	 
26.000000 	 3.426800 	 -1.758647 	 
26.100000 	 3.461700 	 -1.471580 	 
26.200001 	 5.973900 	 -1.075094 	 
26.299999 	 5.484900 	 -0.757900 	 
26.400000 	 4.517600 	 -0.456450 	 
26.500000 	 4.864200 	 -0.157817 	 
26.600000 	 5.376500 	 0.209656 	 
26.700001 	 4.497100 	 0.489437 	 
26.799999 	 4.203600 	 0.830620 	 
26.900000 	 5.755200 	 1.168670 	 
27.000000 	 5.261200 	 1.482109 	 
27.100000 	 5.065600 	 1.851326 	 
27.200001 	 5.652400 	 2.147595 	 
27.299999 	 3.045200 	 2.318546 	 
27.400000 	 4.425700 	 2.536236 	 
27.500000 	 4.655800 	 2.791386 	 
27.600000 	 4.584100 	 3.019533 	 
27.700001 	 2.878200 	 3.196622 	 
27.799999 	 2.190500 	 3.354270 	 
27.900000 	 2.569600 	 3.499859 	 
28.000000 	 0.588540 	 3.529358 	 
28.100000 	 -1.431100 	 3.494361 	 
28.200001 	 0.795160 	 3.437897 	 
28.299999 	 -0.538330 	 3.377769 	 
28.400000 	 -0.909520 	 3.289918 	 
28.500000 	 -1.296100 	 3.194648 	 
28.600000 	 -1.426700 	 3.074508 	 
28.700001 	 -1.578500 	 2.963298 	 
28.799999 	 -3.537400 	 2.699825 	 
28.900000 	 -3.253900 	 2.510065 	 
29.000000 	 -4.216000 	 2.255305 	 
29.100000 	 -3.590600 	 2.020228 	 
29.200001 	 -5.064900 	 1.652268 	 
29.299999 	 -5.393400 	 1.289658 	 
29.400000 	 -4.967500 	 0.973488 	 
29.500000 	 -4.693400 	 0.654902 	 
29.600000 	 -5.802100 	 0.282282 	 
29.700001 	 -5.118000 	 -0.038222 	 
29.799999 	 -5.471100 	 -0.360712 	 
29.900000 	 -4.251400 	 -0.694265 	 
30.000000 	 -4.278300 	 -1.012248 	 
30.100000 	 -3.594600 	 -1.300921 	 
30.200001 	 -6.298000 	 -1.699268 	 
30.299999 	 -5.916200 	 -1.997982 	 
30.400000 	 -2.286300 	 -2.221715 	 
30.500000 	 -4.598000 	 -2.530175 	 
30.600000 	 -3.551500 	 -2.801362 	 
30.700001 	 -2.654000 	 -2.985768 	 
30.799999 	 -2.971600 	 -3.157838 	 
30.900000 	 -3.955900 	 -3.375355 	 
31.000000 	 -2.091200 	 -3.464680 	 
31.100000 	 -2.045300 	 -3.485153 	 
31.200001 	 0.880040 	 -3.482324 	 
31.299999 	 1.060700 	 -3.429023 	 
31.400000 	 0.260180 	 -3.390033 	 
31.500000 	 -0.185890 	 -3.353026 	 
31.600000 	 1.018100 	 -3.271533 	 
31.700001 	 1.641300 	 -3.164206 	 
31.799999 	 0.792500 	 -3.019876 	 
31.900000 	 3.258500 	 -2.802796 	 
32.000000 	 2.586000 	 -2.576062 	 
32.099998 	 1.740300 	 -2.398366 	 
32.200001 	 2.532500 	 -2.145119 	 
32.299999 	 4.984300 	 -1.799196 	 
32.400002 	 4.082700 	 -1.497522 	 
32.500000 	 5.866900 	 -1.145512 	 
32.599998 	 4.171200 	 -0.813069 	 
32.700001 	 4.880500 	 -0.479786 	 
32.799999 	 2.820400 	 -0.203402 	 
32.900002 	 5.251300 	 0.113354 	 
33.000000 	 3.281700 	 0.365354 	 
33.099998 	 3.913400 	 0.615621 	 
33.200001 	 5.246100 	 1.000424 	 
33.299999 	 6.405900 	 1.411161 	 
33.400002 	 4.421000 	 1.634738 	 
33.500000 	 4.353800 	 1.933131 	 
33.599998 	 5.288100 	 2.227784 	 
33.700001 	 3.944200 	 2.447724 	 
33.799999 	 3.335400 	 2.657958 	 
33.900002 	 2.905500 	 2.886671 	 
34.000000 	 1.935200 	 3.020884 	 
34.099998 	 2.664700 	 3.177884 	 
34.200001 	 1.498200 	 3.198490 	 
34.299999 	 1.391000 	 3.209499 	 
34.400002 	 2.340500 	 3.278843 	 
34.500000 	 -0.584690 	 3.265550 	 
34.599998 	 -0.767400 	 3.206034 	 
34.700001 	 -0.272310 	 3.142247 	 
34.799999 	 -0.782430 	 3.089749 	 
34.900002 	 -1.428200 	 2.933526 	 
35.000000 	 -0.358660 	 2.835371 	 
35.099998 	 -3.522500 	 2.659944 	 
35.200001 	 -3.232200 	 2.467787 	 
35.299999 	 -3.976500 	 2.169094 	 
35.400002 	 -4.550900 	 1.881307 	 
35.500000 	 -4.428100 	 1.538140 	 
35.599998 	 -2.427000 	 1.318200 	 
35.700001 	 -5.308500 	 0.978567 	 
35.799999 	 -4.304400 	 0.741074 	 
35.900002 	 -6.140200 	 0.361357 	 
36.000000 	 -5.826900 	 0.057737 	 
36.099998 	 -4.102300 	 -0.209453 	 
36.200001 	 -5.542500 	 -0.569073 	 
36.299999 	 -5.246900 	 -0.957500 	 
36.400002 	 -5.402200 	 -1.284940 	 
36.500000 	 -3.536500 	 -1.547950 	 
36.599998 	 -6.227300 	 -1.931796 	 
36.700001 	 -3.982500 	 -2.196019 	 
36.799999 	 -4.584500 	 -2.460016 	 
36.900002 	 -3.095000 	 -2.660033 	 
37.000000 	 -4.845900 	 -2.886070 	 
37.099998 	 -1.021800 	 -3.008953 	 
37.200001 	 -2.802500 	 -3.152310 	 
37.299999 	 0.096356 	 -3.195465 	 
37.400002 	 -2.145500 	 -3.344998 	 
37.500000 	 -1.938400 	 -3.390122 	 
37.599998 	 -0.193530 	 -3.370992 	 
37.700001 	 -0.998040 	 -3.395184 	 
37.799999 	 0.806130 	 -3.342232 	 
37.900002 	 1.439800 	 -3.246632 	 
38.000000 	 1.905400 	 -3.171163 	 
38.099998 	 2.050600 	 -2.985393 	 
38.200001 	 2.357100 	 -2.799083 	 
38.299999 	 2.070500 	 -2.597516 	 
38.400002 	 2.562200 	 -2.360413 	 
38.500000 	 5.209100 	 -2.039173 	 
38.599998 	 1.809700 	 -1.897950 	 
38.700001 	 3.226600 	 -1.613446 	 
38.799999 	 4.766800 	 -1.311073 	 
38.900002 	 5.109400 	 -0.936086 	 
39.000000 	 4.316200 	 -0.597983 	 
39.099998 	 5.212300 	 -0.287496 	 
39.200001 	 4.707700 	 0.054177 	 
39.299999 	 5.924500 	 0.426557 	 
39.400002 	 5.360900 	 0.785327 	 
39.500000 	 4.358500 	 1.048494 	 
39.599998 	 2.465800 	 1.338264 	 
39.700001 	 4.958200 	 1.636287 	 
39.799999 	 6.371000 	 2.001471 	 
39.900002 	 4.537400 	 2.255884 	 
40.000000 	 3.426300 	 2.531624 	 
40.099998 	 5.014600 	 2.732837 	 
40.200001 	 3.123500 	 2.930371 	 
40.299999 	 4.298100 	 3.070429 	 
40.400002 	 2.412200 	 3.222352 	 
40.500000 	 2.349100 	 3.365269 	 
40.599998 	 2.845300 	 3.466563 	 
40.700001 	 1.477000 	 3.549064 	 
40.799999 	 2.668300 	 3.611137 	 
40.900002 	 -1.522100 	 3.512407 	 
41.000000 	 -2.053200 	 3.380454 	 
41.099998 	 -0.070222 	 3.309760 	 
41.200001 	 -2.246400 	 3.156309 	 
41.299999 	 -2.163100 	 3.015189 	 
41.400002 	 -1.677600 	 2.873863 	 
41.500000 	 -2.772800 	 2.607799 	 
41.599998 	 -3.516100 	 2.430273 	 
41.700001 	 -3.350800 	 2.211026 	 
41.799999 	 -5.098600 	 1.882179 	 
41.900002 	 -4.407900 	 1.564936 	 
42.000000 	 -3.330700 	 1.310039 	 
42.099998 	 -4.417200 	 0.989056 	 
42.200001 	 -2.201000 	 0.758766 	 
42.299999 	 -3.757800 	 0.436023 	 
42.400002 	 -3.252100 	 0.148923 	 
42.500000 	 -4.758000 	 -0.154961 	 
42.599998 	 -6.140100 	 -0.441824 	 
42.700001 	 -5.463700 	 -0.789221 	 
42.799999 	 -3.110200 	 -1.105261 	 
42.900002 	 -5.414800 	 -1.437001 	 
43.000000 	 -3.266100 	 -1.660081 	 
43.099998 	 -3.246500 	 -1.935451 	 
43.200001 	 -4.514300 	 -2.190044 	 
43.299999 	 -2.179600 	 -2.405967 	 
43.400002 	 -3.958600 	 -2.618328 	 
43.500000 	 -2.138300 	 -2.767907 	 
43.599998 	 -2.749100 	 -2.954387 	 
43.700001 	 -1.116700 	 -3.040844 	 
43.799999 	 -1.025600 	 -3.163974 	 
43.900002 	 -1.887800 	 -3.176163 	 
44.000000 	 1.155200 	 -3.069217 	 
44.099998 	 1.680300 	 -3.010866 	 
44.200001 	 1.506300 	 -2.885777 	 
44.299999 	 1.233700 	 -2.772550 	 
44.400002 	 0.136830 	 -2.712069 	 
44.500000 	 1.605100 	 -2.566139 	 
44.599998 	 3.196200 	 -2.342396 	 
44.700001 	 3.416700 	 -2.116812 	 
44.799999 	 3.604900 	 -1.826696 	 
44.900002 	 4.119500 	 -1.542449 	 
45.000000 	 5.419500 	 -1.250776 	 
45.099998 	 5.455600 	 -0.921682 	 
45.200001 	 3.060100 	 -0.746312 	 
45.299999 	 4.843800 	 -0.459592 	 
45.400002 	 2.917700 	 -0.253932 	 
45.500000 	 6.998300 	 0.137945 	 
45.599998 	 6.572800 	 0.561708 	 
45.700001 	 6.206300 	 0.950708 	 
45.799999 	 5.146700 	 1.225937 	 
45.900002 	 5.431000 	 1.587465 	 
46.000000 	 4.152700 	 1.834758 	 
46.099998 	 5.278300 	 2.118918 	 
46.200001 	 3.616600 	 2.389948 	 
46.299999 	 2.098800 	 2.532561 	 
46.400002 	 4.218100 	 2.805118 	 
46.500000 	 4.539100 	 3.027698 	 
46.599998 	 3.073300 	 3.221778 	 
46.700001 	 -0.623910 	 3.238204 	 
46.799999 	 2.537900 	 3.356987 	 
46.900002 	 3.403800 	 3.533374 	 
47.000000 	 -1.448200 	 3.446594 	 
47.099998 	 1.686400 	 3.446797 	 
47.200001 	 0.706670 	 3.420143 	 
47.299999 	 -1.846800 	 3.317460 	 
47.400002 	 -1.980900 	 3.246869 	 
47.500000 	 -4.159000 	 3.054732 	 
47.599998 	 0.177950 	 2.954123 	 
47.700001 	 -3.879000 	 2.710933 	 
47.799999 	 -3.103800 	 2.487310 	 
47.900002 	 -3.874200 	 2.220854 	 
48.000000 	 -3.550600 	 1.921850 	 
48.099998 	 -4.070400 	 1.604317 	 
48.200001 	 -5.806000 	 1.308780 	 
48.299999 	 -4.623400 	 0.993207 	 
48.400002 	 -4.783800 	 0.736490 	 
48.500000 	 -5.284000 	 0.327080 	 
48.599998 	 -4.682700 	 -0.048103 	 
48.700001 	 -5.743000 	 -0.446413 	 
48.799999 	 -6.175400 	 -0.823816 	 
48.900002 	 -5.236100 	 -1.179386 	 
49.000000 	 -5.426100 	 -1.498679 	 
49.099998 	 -5.895000 	 -1.871122 	 
49.200001 	 -3.661000 	 -2.113709 	 
49.299999 	 -4.440100 	 -2.331672 	 
49.400002 	 -3.314700 	 -2.582766 	 
49.500000 	 -3.814100 	 -2.861206 	 
49.599998 	 -2.666900 	 -3.052546 	 
49.700001 	 -2.050600 	 -3.100102 	 
49.799999 	 -2.188400 	 -3.257645 	 
49.900002 	 -3.015100 	 -3.471609 	 
50.000000 	 -1.614000 	 -3.477136 	 
50.099998 	 -1.843200 	 -3.594789 	 
50.200001 	 0.159280 	 -3.613035 	 
50.299999 	 -0.242080 	 -3.559545 	 
50.400002 	 -0.053134 	 -3.495286 	 
50.500000 	 1.749300 	 -3.298342 	 
50.599998 	 2.564600 	 -3.218788 	 
50.700001 	 0.939790 	 -3.058161 	 
50.799999 	 2.526100 	 -2.870498 	 
50.900002 	 3.494200 	 -2.624885 	 
51.000000 	 3.273900 	 -2.397402 	 
51.099998 	 5.560500 	 -2.076372 	 
51.200001 	 3.753200 	 -1.757732 	 
51.299999 	 4.900100 	 -1.440281 	 
51.400002 	 3.320900 	 -1.170125 	 
51.500000 	 4.022100 	 -0.859922 	 
51.599998 	 5.300500 	 -0.527148 	 
51.700001 	 5.609800 	 -0.148721 	 
51.799999 	 5.291000 	 0.233492 	 
51.900002 	 7.161600 	 0.646748 	 
52.000000 	 4.427400 	 0.975198 	 
52.099998 	 4.261700 	 1.313755 	 
52.200001 	 5.706500 	 1.626005 	 
52.299999 	 3.651000 	 1.895709 	 
52.400002 	 6.442900 	 2.220962 	 
52.500000 	 3.380300 	 2.460775 	 
52.599998 	 3.305600 	 2.659858 	 
52.700001 	 4.376900 	 2.874108 	 
52.799999 	 2.068300 	 3.015998 	 
52.900002 	 3.365200 	 3.228675 	 
53.000000 	 2.771700 	 3.374865 	 
53.099998 	 0.436810 	 3.450866 	 
53.200001 	 1.862000 	 3.507623 	 
53.299999 	 0.876110 	 3.544896 	 
53.400002 	 -0.520490 	 3.529317 	 
53.500000 	 -1.094600 	 3.434521 	 
53.599998 	 -0.939620 	 3.317713 	 
53.700001 	 -1.200400 	 3.246374 	 
53.799999 	 -2.741000 	 3.070804 	 
53.900002 	 -2.050100 	 2.885994 	 
54.000000 	 -2.917100 	 2.679627 	 
54.099998 	 -4.033400 	 2.359830 	 
54.200001 	 -4.579800 	 2.082063 	 
54.299999 	 -4.457900 	 1.770130 	 
54.400002 	 -4.993100 	 1.492997 	 
54.500000 	 -3.367400 	 1.246680 	 
54.599998 	 -5.783900 	 0.877200 	 
54.700001 	 -4.675000 	 0.534373 	 
54.799999 	 -4.400600 	 0.211320 	 
54.900002 	 -5.953700 	 -0.225856 	 
55.000000 	 -4.630100 	 -0.527773 	 
55.099998 	 -5.445900 	 -0.851360 	 
55.200001 	 -5.760100 	 -1.233580 	 
55.299999 	 -6.203500 	 -1.562063 	 
55.400002 	 -5.510700 	 -1.960517 	 
55.500000 	 -2.618300 	 -2.160470 	 
55.599998 	 -5.634200 	 -2.458463 	 
55.700001 	 -4.405100 	 -2.751197 	 
55.799999 	 -4.558200 	 -2.972080 	 
55.900002 	 -2.259300 	 -3.159564 	 
56.000000 	 -3.525800 	 -3.369480 	 
56.099998 	 -2.612500 	 -3.471124 	 
56.200001 	 -0.985540 	 -3.566042 	 
56.299999 	 -0.299350 	 -3.605224 	 
56.400002 	 -1.833400 	 -3.648987 	 
56.500000 	 -0.434990 	 -3.627000 	 
56.599998 	 0.634830 	 -3.574519 	 
56.700001 	 0.743020 	 -3.509738 	 
56.799999 	 3.112300 	 -3.314628 	 
56.900002 	 3.015700 	 -3.145768 	 
57.000000 	 3.513900 	 -2.931401 	 
57.099998 	 0.565100 	 -2.778118 	 
57.200001 	 2.679600 	 -2.536138 	 
57.299999 	 3.173500 	 -2.281758 	 
57.400002 	 2.674100 	 -2.026185 	 
57.500000 	 3.280600 	 -1.804584 	 
57.599998 	 5.065900 	 -1.442924 	 
57.700001 	 3.169400 	 -1.181444 	 
57.799999 	 5.917500 	 -0.837508 	 
57.900002 	 6.543400 	 -0.420938 	 
58.000000 	 4.977600 	 -0.100681 	 
58.099998 	 6.797000 	 0.307416 	 
58.200001 	 6.590800 	 0.719113 	 
58.299999 	 4.997500 	 1.092479 	 
58.400002 	 4.404400 	 1.422982 	 
58.500000 	 5.494400 	 1.693405 	 
58.599998 	 3.769300 	 2.006855 	 
58.700001 	 4.004500 	 2.287176 	 
58.799999 	 5.086800 	 2.608676 	 
58.900002 	 2.542100 	 2.768723 	 
59.000000 	 2.486300 	 2.969126 	 
59.099998 	 3.660700 	 3.178233 	 
59.200001 	 0.516360 	 3.228297 	 
59.299999 	 2.832900 	 3.332705 	 
59.400002 	 1.335700 	 3.438341 	 
59.500000 	 0.797680 	 3.479430 	 
59.599998 	 0.296810 	 3.468163 	 
59.700001 	 -0.436420 	 3.428848 	 
59.799999 	 -0.603280 	 3.304996 	 
59.900002 	 -1.503700 	 3.154349 	 
60.000000 	 -2.312800 	 2.960126 	 
60.099998 	 -0.982290 	 2.908546 	 
60.200001 	 -2.443100 	 2.737789 	 
60.299999 	 -2.406300 	 2.551796 	 
60.400002 	 -2.693200 	 2.372885 	 
60.500000 	 -3.793500 	 2.137082 	 
60.599998 	 -4.305600 	 1.824699 	 
60.700001 	 -3.802500 	 1.592302 	 
60.799999 	 -4.781100 	 1.235682 	 
60.900002 	 -4.159000 	 0.878936 	 
61.000000 	 -5.919800 	 0.515689 	 
61.099998 	 -4.906200 	 0.125582 	 
61.200001 	 -4.871400 	 -0.256491 	 
61.299999 	 -3.616800 	 -0.543634 	 
61.400002 	 -3.203700 	 -0.797238 	 
61.500000 	 -5.084500 	 -1.149868 	 
61.599998 	 -5.387500 	 -1.455094 	 
61.700001 	 -5.571400 	 -1.774291 	 
61.799999 	 -4.866400 	 -2.106065 	 
61.900002 	 -4.011100 	 -2.324505 	 
62.000000 	 -4.942300 	 -2.572125 	 
62.099998 	 -3.818400 	 -2.821428 	 
62.200001 	 -2.402000 	 -2.918706 	 
62.299999 	 -1.110800 	 -3.050163 	 
62.400002 	 -1.110800 	 -3.131713 	 
62.500000 	 -2.263800 	 -3.233763 	 
62.599998 	 -3.148000 	 -3.348590 	 
62.700001 	 -1.055600 	 -3.369229 	 
62.799999 	 0.190050 	 -3.342785 	 
62.900002 	 0.390590 	 -3.279641 	 
63.000000 	 0.231620 	 -3.194828 	 
63.099998 	 0.761610 	 -3.136698 	 
63.200001 	 2.242500 	 -2.980511 	 
63.299999 	 3.641100 	 -2.778931 	 
63.400002 	 3.317100 	 -2.578588 	 
63.500000 	 0.907120 	 -2.421900 	 
63.599998 	 2.632800 	 -2.190620 	 
63.700001 	 2.737700 	 -1.972614 	 
63.799999 	 3.211500 	 -1.706194 	 
63.900002 	 5.767300 	 -1.375317 	 
64.000000 	 4.963100 	 -1.012554 	 
64.099998 	 4.796700 	 -0.689124 	 
64.199997 	 4.778300 	 -0.367467 	 
64.300003 	 3.073700 	 -0.144451 	 
64.400002 	 4.705400 	 0.119186 	 
64.500000 	 4.366400 	 0.434216 	 
64.599998 	 4.739400 	 0.771779 	 
64.699997 	 3.984400 	 1.090306 	 
64.800003 	 5.272500 	 1.428270 	 
64.900002 	 4.067500 	 1.697556 	 
65.000000 	 4.385600 	 2.008486 	 
65.099998 	 4.411200 	 2.282806 	 
65.199997 	 3.525800 	 2.480399 	 
65.300003 	 3.148900 	 2.622390 	 
65.400002 	 3.625100 	 2.780253 	 
65.500000 	 3.209100 	 2.962683 	 
65.599998 	 0.559750 	 3.086275 	 
65.699997 	 0.078394 	 3.124074 	 
65.800003 	 2.222000 	 3.191806 	 
65.900002 	 0.089518 	 3.181771 	 
66.000000 	 0.034930 	 3.175214 	 
66.099998 	 -0.401010 	 3.136460 	 
66.199997 	 -1.366000 	 3.016177 	 
66.300003 	 -1.472700 	 2.845717 	 
66.400002 	 -2.460600 	 2.653127 	 
66.500000 	 -1.434700 	 2.575066 	 
66.599998 	 -2.361800 	 2.408580 	 
66.699997 	 -4.079700 	 2.181333 	 
66.800003 	 -3.014500 	 1.973799 	 
66.900002 	 -5.309500 	 1.604573 	 
67.000000 	 -5.443600 	 1.257683 	 
67.099998 	 -5.716500 	 0.907243 	 
67.199997 	 -4.912700 	 0.584210 	 
67.300003 	 -4.352400 	 0.336673 	 
67.400002 	 -4.022700 	 0.045736 	 
67.500000 	 -5.569200 	 -0.285451 	 
67.599998 	 -5.797500 	 -0.636681 	 
67.699997 	 -4.765000 	 -0.928327 	 
67.800003 	 -4.197200 	 -1.243984 	 
67.900002 	 -5.825400 	 -1.573747 	 
68.000000 	 -4.903200 	 -1.883374 	 
68.099998 	 -4.166100 	 -2.169284 	 
68.199997 	 -4.407500 	 -2.433728 	 
68.300003 	 -3.875100 	 -2.667861 	 
68.400002 	 -3.800900 	 -2.915394 	 
68.500000 	 -1.248200 	 -3.063971 	 
68.599998 	 -4.281400 	 -3.225343 	 
68.699997 	 -1.913700 	 -3.291746 	 
68.800003 	 0.230240 	 -3.358138 	 
68.900002 	 -1.417000 	 -3.408355 	 
69.000000 	 -0.368560 	 -3.421804 	 
69.099998 	 -2.096200 	 -3.478311 	 
69.199997 	 -1.199300 	 -3.472754 	 
69.300003 	 -0.554430 	 -3.442145 	 
69.400002 	 2.972500 	 -3.261042 	 
69.500000 	 2.650200 	 -3.124878 	 
69.599998 	 1.808000 	 -2.985885 	 
69.699997 	 3.021300 	 -2.749185 	 
69.800003 	 5.066300 	 -2.479825 	 
69.900002 	 2.668600 	 -2.213888 	 
70.000000 	 4.347100 	 -1.887532 	 
70.099998 	 4.979800 	 -1.530988 	 
70.199997 	 3.195800 	 -1.260705 	 
70.300003 	 3.406900 	 -1.002061 	 
70.400002 	 5.142300 	 -0.696562 	 
70.500000 	 5.521200 	 -0.326881 	 
70.599998 	 3.551700 	 -0.015242 	 
70.699997 	 6.073700 	 0.346048 	 
70.800003 	 4.542900 	 0.637385 	 
70.900002 	 3.047700 	 0.933155 	 
71.000000 	 4.981200 	 1.262635 	 
71.099998 	 5.870900 	 1.597202 	 
71.199997 	 4.088600 	 1.880405 	 
71.300003 	 5.491900 	 2.192638 	 
71.400002 	 4.528900 	 2.470299 	 
71.500000 	 2.075200 	 2.581079 	 
71.599998 	 2.205700 	 2.797315 	 
71.699997 	 2.596200 	 2.947645 	 
71.800003 	 3.399500 	 3.053287 	 
71.900002 	 2.255900 	 3.175717 	 
72.000000 	 -0.128440 	 3.183721 	 
72.099998 	 2.159600 	 3.325581 	 
72.199997 	 0.475710 	 3.381415 	 
72.300003 	 0.649860 	 3.421558 	 
72.400002 	 -1.300100 	 3.279138 	 
72.500000 	 -2.217400 	 3.116884 	 
72.599998 	 -2.657500 	 2.968034 	 
72.699997 	 -1.057900 	 2.832061 	 
72.800003 	 -4.614100 	 2.509381 	 
72.900002 	 -2.976000 	 2.321228 	 
73.000000 	 -3.964500 	 2.044174 	 
73.099998 	 -4.183600 	 1.738728 	 
73.199997 	 -4.621700 	 1.478144 	 
73.300003 	 -4.599100 	 1.211278 	 
73.400002 	 -4.307500 	 0.896284 	 
73.500000 	 -5.451500 	 0.530528 	 
73.599998 	 -5.811300 	 0.218428 	 
73.699997 	 -6.448500 	 -0.198979 	 
73.800003 	 -6.073200 	 -0.552849 	 
73.900002 	 -3.645100 	 -0.775942 	 
74.000000 	 -5.376100 	 -1.121186 	 
74.099998 	 -6.401600 	 -1.530270 	 
74.199997 	 -5.542800 	 -1.851316 	 
74.300003 	 -4.146200 	 -2.172586 	 
74.400002 	 -4.315100 	 -2.467386 	 
74.500000 	 -3.844100 	 -2.664696 	 
74.599998 	 -3.933000 	 -2.869319 	 
74.699997 	 -1.884300 	 -3.018669 	 
74.800003 	 -3.529000 	 -3.249619 	 
74.900002 	 -3.189400 	 -3.431129 	 
75.000000 	 -3.794000 	 -3.553314 	 
75.099998 	 -1.624400 	 -3.679448 	 
75.199997 	 -1.320700 	 -3.739328 	 
75.300003 	 0.050078 	 -3.759320 	 
75.400002 	 -0.547640 	 -3.734239 	 
75.500000 	 -0.654610 	 -3.682146 	 
75.599998 	 -0.971270 	 -3.625938 	 
75.699997 	 4.337900 	 -3.446078 	 
75.800003 	 2.337000 	 -3.214375 	 
75.900002 	 4.453000 	 -2.966741 	 
76.000000 	 3.241300 	 -2.726548 	 
76.099998 	 1.763300 	 -2.528318 	 
76.199997 	 4.588400 	 -2.221315 	 
76.300003 	 3.501500 	 -1.951295 	 
76.400002 	 5.428100 	 -1.626775 	 
76.500000 	 5.489900 	 -1.262061 	 
76.599998 	 5.330700 	 -0.890662 	 
76.699997 	 5.172300 	 -0.503302 	 
76.800003 	 4.724600 	 -0.143375 	 
76.900002 	 6.824100 	 0.205598 	 
77.000000 	 4.864800 	 0.546962 	 
77.099998 	 3.735000 	 0.884848 	 
77.199997 	 3.603200 	 1.189715 	 
77.300003 	 4.873500 	 1.490372 	 
77.400002 	 3.722700 	 1.758299 	 
77.500000 	 2.700200 	 1.976442 	 
77.599998 	 3.699600 	 2.230862 	 
77.699997 	 4.363100 	 2.439109 	 
77.800003 	 4.335000 	 2.701242 	 
77.900002 	 2.905700 	 2.904412 	 
78.000000 	 1.840000 	 3.092212 	 
78.099998 	 1.631900 	 3.200755 	 
78.199997 	 0.183940 	 3.250910 	 
78.300003 	 1.407500 	 3.296158 	 
78.400002 	 -0.074548 	 3.311927 	 
78.500000 	 -0.438100 	 3.319144 	 
78.599998 	 -0.776150 	 3.325648 	 
78.699997 	 -1.071200 	 3.145345 	 
78.800003 	 -0.914850 	 3.036950 	 
78.900002 	 -1.814400 	 2.828037 	 
79.000000 	 -1.001400 	 2.686613 	 
79.099998 	 -3.046000 	 2.526303 	 
79.199997 	 -2.519100 	 2.289387 	 
79.300003 	 -4.570400 	 2.020323 	 
79.400002 	 -4.992500 	 1.672970 	 
79.500000 	 -6.009600 	 1.289653 	 
79.599998 	 -4.897700 	 0.948707 	 
79.699997 	 -4.641200 	 0.621590 	 
79.800003 	 -5.017700 	 0.296847 	 
79.900002 	 -4.536400 	 -0.081837 	 
80.000000 	 -4.694100 	 -0.400467 	 
80.099998 	 -6.068100 	 -0.727237 	 
80.199997 	 -3.369700 	 -0.959667 	 
80.300003 	 -3.836700 	 -1.250007 	 
80.400002 	 -4.085200 	 -1.510271 	 
80.500000 	 -5.003200 	 -1.767051 	 
80.599998 	 -2.967800 	 -1.989298 	 
80.699997 	 -3.478500 	 -2.250684 	 
80.800003 	 -2.696700 	 -2.485074 	 
80.900002 	 -4.269700 	 -2.724254 	 
81.000000 	 -1.937900 	 -2.850184 	 
81.099998 	 -2.939100 	 -3.002550 	 
81.199997 	 -3.030800 	 -3.109708 	 
81.300003 	 -2.871500 	 -3.252342 	 
81.400002 	 -2.111300 	 -3.320233 	 
81.500000 	 -2.510300 	 -3.389307 	 
81.599998 	 -1.014500 	 -3.397251 	 
81.699997 	 -0.866830 	 -3.390439 	 
81.800003 	 1.488700 	 -3.310321 	 
81.900002 	 2.608100 	 -3.162904 	 
82.000000 	 1.036800 	 -3.094964 	 
82.099998 	 1.894600 	 -2.930277 	 
82.199997 	 1.544900 	 -2.794811 	 
82.300003 	 3.936700 	 -2.511241 	 
82.400002 	 1.925500 	 -2.280641 	 
82.500000 	 5.023300 	 -1.912878 	 
82.599998 	 4.620000 	 -1.595621 	 
82.699997 	 2.348100 	 -1.362644 	 
82.800003 	 3.948100 	 -1.063784 	 
82.900002 	 4.285300 	 -0.769727 	 
83.000000 	 5.366900 	 -0.434361 	 
83.099998 	 6.181500 	 -0.026041 	 
83.199997 	 4.924900 	 0.250446 	 
83.300003 	 4.421400 	 0.525716 	 
83.400002 	 2.351800 	 0.740282 	 
83.500000 	 4.235200 	 1.048229 	 
83.599998 	 5.816300 	 1.341032 	 
83.699997 	 3.769000 	 1.582616 	 
83.800003 	 4.856200 	 1.834379 	 
83.900002 	 4.367000 	 2.122269 	 
84.000000 	 2.128800 	 2.257825 	 
84.099998 	 3.069000 	 2.458096 	 
84.199997 	 3.760300 	 2.684466 	 
84.300003 	 2.979200 	 2.879489 	 
84.400002 	 2.690800 	 3.039559 	 
84.500000 	 1.637500 	 3.177819 	 
84.599998 	 0.172690 	 3.217392 	 
84.699997 	 1.085900 	 3.282483 	 
84.800003 	 0.300220 	 3.242867 	 
84.900002 	 -0.667090 	 3.133694 	 
85.000000 	 -2.420600 	 3.018447 	 
85.099998 	 -1.343600 	 2.910507 	 
85.199997 	 -2.695900 	 2.769147 	 
85.300003 	 -0.676880 	 2.615361 	 
85.400002 	 -2.270300 	 2.475502 	 
85.500000 	 -1.324300 	 2.263915 	 
85.599998 	 -3.399400 	 1.996601 	 
85.699997 	 -4.128900 	 1.780701 	 
85.800003 	 -4.730700 	 1.491408 	 
85.900002 	 -4.978700 	 1.182608 	 
86.000000 	 -5.013500 	 0.836595 	 
86.099998 	 -3.387400 	 0.517631 	 
86.199997 	 -6.059900 	 0.151471 	 
86.300003 	 -4.257200 	 -0.137815 	 
86.400002 	 -5.109000 	 -0.386509 	 
86.500000 	 -3.479100 	 -0.643652 	 
86.599998 	 -6.258300 	 -1.046139 	 
86.699997 	 -4.457400 	 -1.320352 	 
86.800003 	 -5.618900 	 -1.669522 	 
86.900002 	 -4.903500 	 -1.978539 	 
87.000000 	 -4.141300 	 -2.187542 	 
87.099998 	 -4.300500 	 -2.433192 	 
87.199997 	 -3.096500 	 -2.661752 	 
87.300003 	 -3.067800 	 -2.863319 	 
87.400002 	 -2.351200 	 -3.031385 	 
87.500000 	 -3.695100 	 -3.209138 	 
87.599998 	 -2.135800 	 -3.286088 	 
87.699997 	 -1.830700 	 -3.383308 	 
87.800003 	 -0.853410 	 -3.421763 	 
87.900002 	 -0.388390 	 -3.412473 	 
88.000000 	 0.987570 	 -3.298867 	 
88.099998 	 0.795850 	 -3.227552 	 
88.199997 	 2.379100 	 -3.058385 	 
88.300003 	 2.802400 	 -2.942409 	 
88.400002 	 0.693390 	 -2.843620 	 
88.500000 	 1.389400 	 -2.753163 	 
88.599998 	 2.151000 	 -2.568150 	 
88.699997 	 3.529100 	 -2.312883 	 
88.800003 	 2.499100 	 -2.071890 	 
88.900002 	 4.259000 	 -1.763966 	 
89.000000 	 4.690300 	 -1.440506 	 
89.099998 	 4.385800 	 -1.181400 	 
89.199997 	 4.300700 	 -0.836046 	 
89.300003 	 6.514300 	 -0.476996 	 
89.400002 	 4.676800 	 -0.150803 	 
89.500000 	 5.703300 	 0.155277 	 
89.599998 	 4.446200 	 0.512094 	 
89.699997 	 6.140700 	 0.865364 	 
89.800003 	 2.916200 	 1.149867 	 
89.900002 	 4.160500 	 1.452000 	 
90.000000 	 4.473500 	 1.739160 	 
90.099998 	 2.231300 	 1.956887 	 
90.199997 	 7.027500 	 2.294353 	 
90.300003 	 3.388100 	 2.509551 	 
90.400002 	 5.461300 	 2.769967 	 
90.500000 	 3.501500 	 3.009854 	 
90.599998 	 2.319700 	 3.158370 	 
90.699997 	 0.495550 	 3.235912 	 
90.800003 	 0.976080 	 3.296895 	 
90.900002 	 1.263600 	 3.351961 	 
91.000000 	 -1.498400 	 3.269096 	 
91.099998 	 -0.538100 	 3.224631 	 
91.199997 	 0.115750 	 3.149186 	 
91.300003 	 -0.178740 	 3.049814 	 
91.400002 	 -1.571200 	 2.974328 	 
91.500000 	 -3.135000 	 2.823515 	 
91.599998 	 -3.705200 	 2.628308 	 
91.699997 	 -2.747100 	 2.419101 	 
91.800003 	 -3.043600 	 2.234345 	 
91.900002 	 -1.778200 	 2.033105 	 
92.000000 	 -3.443700 	 1.761971 	 
92.099998 	 -4.152900 	 1.477348 	 
92.199997 	 -4.335300 	 1.189481 	 
92.300003 	 -4.902000 	 0.808938 	 
92.400002 	 -5.438100 	 0.471774 	 
92.500000 	 -3.981900 	 0.148934 	 
92.599998 	 -5.165600 	 -0.171459 	 
92.699997 	 -4.742600 	 -0.534235 	 
92.800003 	 -4.628700 	 -0.785732 	 
92.900002 	 -5.752900 	 -1.116179 	 
93.000000 	 -5.759900 	 -1.457291 	 
93.099998 	 -5.106000 	 -1.701868 	 
93.199997 	 -6.506200 	 -2.152992 	 
93.300003 	 -3.469100 	 -2.381565 	 
93.400002 	 -2.955800 	 -2.662135 	 
93.500000 	 -2.066300 	 -2.847728 	 
93.599998 	 -4.611600 	 -3.078771 	 
93.699997 	 -1.435400 	 -3.143137 	 
93.800003 	 -3.647100 	 -3.297243 	 
93.900002 	 -2.353600 	 -3.417816 	 
94.000000 	 -1.446900 	 -3.416100 	 
94.099998 	 -2.435700 	 -3.479353 	 
94.199997 	 0.287740 	 -3.473620 	 
94.300003 	 0.264590 	 -3.458843 	 
94.400002 	 0.669330 	 -3.384158 	 
94.500000 	 -0.243650 	 -3.287780 	 
94.599998 	 2.216200 	 -3.090400 	 
94.699997 	 1.766600 	 -2.939943 	 
94.800003 	 4.083600 	 -2.702369 	 
94.900002 	 4.420600 	 -2.495743 	 
95.000000 	 3.288000 	 -2.271353 	 
95.099998 	 3.949700 	 -2.001266 	 
95.199997 	 5.260800 	 -1.681396 	 
95.300003 	 5.666800 	 -1.329103 	 
95.400002 	 4.671000 	 -0.992133 	 
95.500000 	 7.080600 	 -0.623383 	 
95.599998 	 5.715200 	 -0.260690 	 
95.699997 	 6.267800 	 0.106324 	 
95.800003 	 4.537400 	 0.411860 	 
95.900002 	 3.550700 	 0.721981 	 
96.000000 	 5.998100 	 1.113914 	 
96.099998 	 5.415900 	 1.464644 	 
96.199997 	 5.356500 	 1.860067 	 
96.300003 	 3.609300 	 2.096014 	 
96.400002 	 3.567100 	 2.313444 	 
96.500000 	 4.985200 	 2.548494 	 
96.599998 	 3.139200 	 2.806854 	 
96.699997 	 4.724800 	 3.012194 	 
96.800003 	 1.994800 	 3.200257 	 
96.900002 	 4.297400 	 3.421957 	 
97.000000 	 0.163590 	 3.475640 	 
97.099998 	 -1.010900 	 3.523134 	 
97.199997 	 1.150900 	 3.551905 	 
97.300003 	 2.269600 	 3.618739 	 
97.400002 	 0.974500 	 3.628911 	 
97.500000 	 0.563770 	 3.655826 	 
97.599998 	 -1.267200 	 3.539712 	 
97.699997 	 -1.333200 	 3.436386 	 
97.800003 	 -1.704500 	 3.243449 	 
97.900002 	 -3.678800 	 2.973469 	 
98.000000 	 -1.246100 	 2.822332 	 
98.099998 	 -3.641200 	 2.569302 	 
98.199997 	 -3.157600 	 2.288689 	 
98.300003 	 -4.297400 	 1.956549 	 
98.400002 	 -2.379700 	 1.721525 	 
98.500000 	 -2.950800 	 1.387145 	 
98.599998 	 -3.959700 	 1.064649 	 
98.699997 	 -5.225100 	 0.681552 	 
98.800003 	 -6.214100 	 0.323169 	 
98.900002 	 -4.689600 	 0.048492 	 
99.000000 	 -3.862300 	 -0.280188 	 
99.099998 	 -5.086300 	 -0.630261 	 
99.199997 	 -6.314400 	 -1.019291 	 
99.300003 	 -2.694100 	 -1.229405 	 
99.400002 	 -5.776500 	 -1.540858 	 
99.500000 	 -2.695200 	 -1.796871 	 
99.599998 	 -3.246800 	 -2.009738 	 
99.699997 	 -3.434900 	 -2.281728 	 
99.800003 	 -3.223300 	 -2.455665 	 
99.900002 	 -2.541900 	 -2.683641 	 
100.000000 	 -2.949300 	 -2.787404 	 
