0.000000 	 -0.275940 	 -0.275940 	 
0.100000 	 0.683070 	 0.683070 	 
0.200000 	 0.037993 	 0.037993 	 
0.300000 	 2.857600 	 1.192888 	 
0.400000 	 2.869800 	 1.921798 	 
0.500000 	 3.218300 	 2.981900 	 
0.600000 	 3.508400 	 3.198833 	 
0.700000 	 3.854200 	 3.526967 	 
0.800000 	 4.128100 	 3.830233 	 
0.900000 	 3.274900 	 3.752400 	 
1.000000 	 3.344400 	 3.582467 	 
1.100000 	 2.214000 	 2.944433 	 
1.200000 	 5.258300 	 3.605567 	 
1.300000 	 4.642500 	 4.038267 	 
1.400000 	 4.463200 	 4.788000 	 
1.500000 	 5.566200 	 4.890633 	 
1.600000 	 8.322400 	 6.117266 	 
1.700000 	 3.257900 	 5.715500 	 
1.800000 	 3.052600 	 4.877634 	 
1.900000 	 4.068400 	 3.459633 	 
2.000000 	 4.257900 	 3.792967 	 
2.100000 	 2.910700 	 3.745667 	 
2.200000 	 2.062300 	 3.076967 	 
2.300000 	 2.206100 	 2.393033 	 
2.400000 	 4.546000 	 2.938133 	 
2.500000 	 1.799500 	 2.850533 	 
2.600000 	 1.845300 	 2.730267 	 
2.700000 	 0.810960 	 1.485253 	 
2.800000 	 2.950800 	 1.869020 	 
2.900000 	 0.124140 	 1.295300 	 
3.000000 	 0.235530 	 1.103490 	 
3.100000 	 -2.103400 	 -0.581243 	 
3.200000 	 0.114450 	 -0.584473 	 
3.300000 	 -1.283900 	 -1.090950 	 
3.400000 	 -1.315900 	 -0.828450 	 
3.500000 	 1.102400 	 -0.499133 	 
3.600000 	 -3.172800 	 -1.128767 	 
3.700000 	 -0.992930 	 -1.021110 	 
3.800000 	 -3.172200 	 -2.445977 	 
3.900000 	 -1.763500 	 -1.976210 	 
4.000000 	 -4.533800 	 -3.156500 	 
4.100000 	 -1.692800 	 -2.663367 	 
4.200000 	 -5.885700 	 -4.037434 	 
4.300000 	 -3.463600 	 -3.680700 	 
4.400000 	 -4.026400 	 -4.458567 	 
4.500000 	 -5.371500 	 -4.287167 	 
4.600000 	 -4.459100 	 -4.619000 	 
4.700000 	 -2.907800 	 -4.246133 	 
4.800000 	 -4.961800 	 -4.109567 	 
4.900000 	 -3.761900 	 -3.877167 	 
5.000000 	 -3.987300 	 -4.237000 	 
5.100000 	 -5.896500 	 -4.548567 	 
5.200000 	 -5.502600 	 -5.128800 	 
5.300000 	 -3.645200 	 -5.014767 	 
5.400000 	 -5.184600 	 -4.777466 	 
5.500000 	 -4.109600 	 -4.313133 	 
5.600000 	 -3.161000 	 -4.151733 	 
5.700000 	 -3.901000 	 -3.723867 	 
5.800000 	 -1.190800 	 -2.750933 	 
5.900000 	 -1.606100 	 -2.232633 	 
6.000000 	 -1.957200 	 -1.584700 	 
6.100000 	 -0.867010 	 -1.476770 	 
6.200000 	 -0.939910 	 -1.254707 	 
6.300000 	 0.167520 	 -0.546467 	 
6.400000 	 2.308700 	 0.512103 	 
6.500000 	 -1.092100 	 0.461373 	 
6.600000 	 -0.235520 	 0.327027 	 
6.700000 	 1.855500 	 0.175960 	 
6.800000 	 3.098500 	 1.572827 	 
6.900000 	 2.750800 	 2.568267 	 
7.000000 	 3.825700 	 3.225000 	 
7.100000 	 3.466300 	 3.347600 	 
7.200000 	 2.874100 	 3.388700 	 
7.300000 	 4.074500 	 3.471633 	 
7.400000 	 5.440700 	 4.129766 	 
7.500000 	 5.438900 	 4.984700 	 
7.600000 	 5.062700 	 5.314100 	 
7.700000 	 4.102400 	 4.868000 	 
7.800000 	 5.320300 	 4.828466 	 
7.900000 	 4.809700 	 4.744133 	 
8.000000 	 4.235300 	 4.788434 	 
8.100000 	 4.234100 	 4.426367 	 
8.200000 	 6.887000 	 5.118800 	 
8.300000 	 5.805800 	 5.642300 	 
8.400000 	 4.891800 	 5.861533 	 
8.500000 	 5.289000 	 5.328866 	 
8.600000 	 3.916000 	 4.698933 	 
8.700000 	 2.109100 	 3.771367 	 
8.800000 	 2.079700 	 2.701600 	 
8.900000 	 0.335760 	 1.508187 	 
9.000000 	 1.727900 	 1.381120 	 
9.100000 	 2.291000 	 1.451553 	 
9.200000 	 0.484920 	 1.501273 	 
9.300000 	 0.096449 	 0.957456 	 
9.400000 	 0.447220 	 0.342863 	 
9.500000 	 -0.946460 	 -0.134264 	 
9.600000 	 -2.175700 	 -0.891647 	 
9.700000 	 -2.076600 	 -1.732920 	 
9.800000 	 -1.358600 	 -1.870300 	 
9.900000 	 -3.312900 	 -2.249367 	 
10.000000 	 -2.279900 	 -2.317133 	 
10.100000 	 -2.813200 	 -2.802000 	 
10.200000 	 -2.455500 	 -2.516200 	 
10.300000 	 -3.744500 	 -3.004400 	 
10.400000 	 -3.147200 	 -3.115733 	 
10.500000 	 -4.937100 	 -3.942933 	 
10.600000 	 -3.620000 	 -3.901433 	 
10.700000 	 -4.397500 	 -4.318200 	 
10.800000 	 -6.535000 	 -4.850833 	 
10.900000 	 -3.862800 	 -4.931767 	 
11.000000 	 -5.137100 	 -5.178300 	 
11.100000 	 -6.014400 	 -5.004767 	 
11.200000 	 -4.283500 	 -5.145000 	 
11.300000 	 -4.311100 	 -4.869667 	 
11.400000 	 -4.266100 	 -4.286900 	 
11.500000 	 -4.862100 	 -4.479767 	 
11.600000 	 -3.453300 	 -4.193833 	 
11.700000 	 -5.147600 	 -4.487667 	 
11.800000 	 -4.097000 	 -4.232634 	 
11.900000 	 -1.332000 	 -3.525533 	 
12.000000 	 -3.051200 	 -2.826733 	 
12.100000 	 -0.982860 	 -1.788687 	 
12.200000 	 -1.487800 	 -1.840620 	 
12.300000 	 -1.868000 	 -1.446220 	 
12.400000 	 -1.142900 	 -1.499567 	 
12.500000 	 -0.358470 	 -1.123123 	 
12.600000 	 -0.337880 	 -0.613083 	 
12.700000 	 2.141900 	 0.481850 	 
12.800000 	 0.262800 	 0.688940 	 
12.900000 	 0.564890 	 0.989863 	 
13.000000 	 2.552100 	 1.126597 	 
13.100000 	 2.975700 	 2.030896 	 
13.200000 	 4.256000 	 3.261267 	 
13.300000 	 0.719650 	 2.650450 	 
13.400000 	 3.524800 	 2.833483 	 
13.500000 	 4.380200 	 2.874883 	 
13.600000 	 3.370000 	 3.758333 	 
13.700000 	 3.954500 	 3.901567 	 
13.800000 	 5.423800 	 4.249433 	 
13.900000 	 5.486700 	 4.955000 	 
14.000000 	 5.236300 	 5.382267 	 
14.100000 	 3.514200 	 4.745733 	 
14.200000 	 5.624700 	 4.791733 	 
14.300000 	 5.172500 	 4.770467 	 
14.400000 	 6.507700 	 5.768301 	 
14.500000 	 5.375100 	 5.685100 	 
14.600000 	 3.165600 	 5.016133 	 
14.700000 	 4.865800 	 4.468833 	 
14.800000 	 3.849500 	 3.960300 	 
14.900000 	 3.558000 	 4.091100 	 
15.000000 	 3.292500 	 3.566667 	 
15.100000 	 2.600000 	 3.150167 	 
15.200000 	 2.012100 	 2.634866 	 
15.300000 	 1.184200 	 1.932100 	 
15.400000 	 -0.215070 	 0.993743 	 
15.500000 	 1.770900 	 0.913343 	 
15.600000 	 -1.414600 	 0.047077 	 
15.700000 	 1.793100 	 0.716467 	 
15.800000 	 -1.094900 	 -0.238800 	 
15.900000 	 -1.173800 	 -0.158533 	 
16.000000 	 -1.876300 	 -1.381667 	 
16.100000 	 -1.553400 	 -1.534500 	 
16.200001 	 -2.381900 	 -1.937200 	 
16.299999 	 -4.189800 	 -2.708367 	 
16.400000 	 -5.514500 	 -4.028733 	 
16.500000 	 -3.798300 	 -4.500866 	 
16.600000 	 -4.035200 	 -4.449333 	 
16.700001 	 -2.717500 	 -3.517000 	 
16.799999 	 -4.864700 	 -3.872467 	 
16.900000 	 -4.372000 	 -3.984733 	 
17.000000 	 -4.189800 	 -4.475500 	 
17.100000 	 -6.339400 	 -4.967066 	 
17.200001 	 -4.248700 	 -4.925967 	 
17.299999 	 -5.137800 	 -5.241967 	 
17.400000 	 -6.172700 	 -5.186400 	 
17.500000 	 -5.001600 	 -5.437366 	 
17.600000 	 -5.236400 	 -5.470233 	 
17.700001 	 -2.324300 	 -4.187433 	 
17.799999 	 -4.633200 	 -4.064634 	 
17.900000 	 -3.388300 	 -3.448600 	 
18.000000 	 -2.585700 	 -3.535733 	 
18.100000 	 -2.019100 	 -2.664367 	 
18.200001 	 -4.509300 	 -3.038033 	 
18.299999 	 -3.280400 	 -3.269600 	 
18.400000 	 -3.867700 	 -3.885800 	 
18.500000 	 -1.788800 	 -2.978967 	 
18.600000 	 -0.378370 	 -2.011623 	 
18.700001 	 -0.446570 	 -0.871247 	 
18.799999 	 -1.329400 	 -0.718113 	 
18.900000 	 2.079700 	 0.101243 	 
19.000000 	 0.140100 	 0.296800 	 
19.100000 	 2.668600 	 1.629467 	 
19.200001 	 1.724200 	 1.510967 	 
19.299999 	 3.167800 	 2.520200 	 
19.400000 	 3.404200 	 2.765400 	 
19.500000 	 6.331900 	 4.301300 	 
19.600000 	 3.547100 	 4.427733 	 
19.700001 	 3.088600 	 4.322533 	 
19.799999 	 5.342200 	 3.992633 	 
19.900000 	 4.020200 	 4.150333 	 
20.000000 	 4.160300 	 4.507566 	 
20.100000 	 4.485600 	 4.222033 	 
20.200001 	 4.663300 	 4.436400 	 
20.299999 	 5.339700 	 4.829533 	 
20.400000 	 5.863800 	 5.288933 	 
20.500000 	 3.875300 	 5.026267 	 
20.600000 	 5.684300 	 5.141133 	 
20.700001 	 3.888900 	 4.482833 	 
20.799999 	 3.763200 	 4.445467 	 
20.900000 	 1.259900 	 2.970667 	 
21.000000 	 4.380700 	 3.134600 	 
21.100000 	 4.789900 	 3.476833 	 
21.200001 	 3.630200 	 4.266933 	 
21.299999 	 3.276400 	 3.898833 	 
21.400000 	 2.775800 	 3.227467 	 
21.500000 	 3.067200 	 3.039800 	 
21.600000 	 2.686000 	 2.843000 	 
21.700001 	 1.760400 	 2.504534 	 
21.799999 	 0.956230 	 1.800877 	 
21.900000 	 -1.009100 	 0.569177 	 
22.000000 	 0.617630 	 0.188253 	 
22.100000 	 -1.901500 	 -0.764323 	 
22.200001 	 -1.595800 	 -0.959890 	 
22.299999 	 -2.566100 	 -2.021133 	 
22.400000 	 -1.452600 	 -1.871500 	 
22.500000 	 -3.729500 	 -2.582733 	 
22.600000 	 -3.075100 	 -2.752400 	 
22.700001 	 -2.795000 	 -3.199867 	 
22.799999 	 -2.601100 	 -2.823733 	 
22.900000 	 -4.615600 	 -3.337233 	 
23.000000 	 -4.095300 	 -3.770667 	 
23.100000 	 -5.150300 	 -4.620400 	 
23.200001 	 -5.920700 	 -5.055433 	 
23.299999 	 -4.030900 	 -5.033967 	 
23.400000 	 -4.525900 	 -4.825833 	 
23.500000 	 -4.094800 	 -4.217200 	 
23.600000 	 -5.647700 	 -4.756134 	 
23.700001 	 -3.896300 	 -4.546267 	 
23.799999 	 -6.031900 	 -5.191967 	 
23.900000 	 -4.386300 	 -4.771500 	 
24.000000 	 -4.142000 	 -4.853400 	 
24.100000 	 -6.010900 	 -4.846400 	 
24.200001 	 -3.235700 	 -4.462867 	 
24.299999 	 -2.083300 	 -3.776634 	 
24.400000 	 -2.105000 	 -2.474667 	 
24.500000 	 -2.998700 	 -2.395667 	 
24.600000 	 -2.260300 	 -2.454667 	 
24.700001 	 -2.434500 	 -2.564500 	 
24.799999 	 -2.538900 	 -2.411233 	 
24.900000 	 -1.798100 	 -2.257167 	 
25.000000 	 -0.296400 	 -1.544467 	 
25.100000 	 -0.381210 	 -0.825237 	 
25.200001 	 2.489100 	 0.603830 	 
25.299999 	 1.265500 	 1.124463 	 
25.400000 	 1.726000 	 1.826867 	 
25.500000 	 1.562000 	 1.517833 	 
25.600000 	 2.177500 	 1.821833 	 
25.700001 	 1.757800 	 1.832433 	 
25.799999 	 4.366800 	 2.767367 	 
25.900000 	 2.438900 	 2.854500 	 
26.000000 	 3.426800 	 3.410833 	 
26.100000 	 3.461700 	 3.109133 	 
26.200001 	 5.973900 	 4.287467 	 
26.299999 	 5.484900 	 4.973500 	 
26.400000 	 4.517600 	 5.325467 	 
26.500000 	 4.864200 	 4.955566 	 
26.600000 	 5.376500 	 4.919433 	 
26.700001 	 4.497100 	 4.912600 	 
26.799999 	 4.203600 	 4.692400 	 
26.900000 	 5.755200 	 4.818633 	 
27.000000 	 5.261200 	 5.073333 	 
27.100000 	 5.065600 	 5.360666 	 
27.200001 	 5.652400 	 5.326400 	 
27.299999 	 3.045200 	 4.587734 	 
27.400000 	 4.425700 	 4.374434 	 
27.500000 	 4.655800 	 4.042233 	 
27.600000 	 4.584100 	 4.555200 	 
27.700001 	 2.878200 	 4.039366 	 
27.799999 	 2.190500 	 3.217600 	 
27.900000 	 2.569600 	 2.546100 	 
28.000000 	 0.588540 	 1.782880 	 
28.100000 	 -1.431100 	 0.575680 	 
28.200001 	 0.795160 	 -0.015800 	 
28.299999 	 -0.538330 	 -0.391423 	 
28.400000 	 -0.909520 	 -0.217563 	 
28.500000 	 -1.296100 	 -0.914650 	 
28.600000 	 -1.426700 	 -1.210773 	 
28.700001 	 -1.578500 	 -1.433767 	 
28.799999 	 -3.537400 	 -2.180867 	 
28.900000 	 -3.253900 	 -2.789933 	 
29.000000 	 -4.216000 	 -3.669100 	 
29.100000 	 -3.590600 	 -3.686833 	 
29.200001 	 -5.064900 	 -4.290500 	 
29.299999 	 -5.393400 	 -4.682967 	 
29.400000 	 -4.967500 	 -5.141933 	 
29.500000 	 -4.693400 	 -5.018100 	 
29.600000 	 -5.802100 	 -5.154334 	 
29.700001 	 -5.118000 	 -5.204500 	 
29.799999 	 -5.471100 	 -5.463734 	 
29.900000 	 -4.251400 	 -4.946833 	 
30.000000 	 -4.278300 	 -4.666933 	 
30.100000 	 -3.594600 	 -4.041433 	 
30.200001 	 -6.298000 	 -4.723633 	 
30.299999 	 -5.916200 	 -5.269600 	 
30.400000 	 -2.286300 	 -4.833500 	 
30.500000 	 -4.598000 	 -4.266834 	 
30.600000 	 -3.551500 	 -3.478600 	 
30.700001 	 -2.654000 	 -3.601167 	 
30.799999 	 -2.971600 	 -3.059033 	 
30.900000 	 -3.955900 	 -3.193833 	 
31.000000 	 -2.091200 	 -3.006233 	 
31.100000 	 -2.045300 	 -2.697467 	 
31.200001 	 0.880040 	 -1.085487 	 
31.299999 	 1.060700 	 -0.034853 	 
31.400000 	 0.260180 	 0.733640 	 
31.500000 	 -0.185890 	 0.378330 	 
31.600000 	 1.018100 	 0.364130 	 
31.700001 	 1.641300 	 0.824503 	 
31.799999 	 0.792500 	 1.150633 	 
31.900000 	 3.258500 	 1.897433 	 
32.000000 	 2.586000 	 2.212333 	 
32.099998 	 1.740300 	 2.528267 	 
32.200001 	 2.532500 	 2.286267 	 
32.299999 	 4.984300 	 3.085700 	 
32.400002 	 4.082700 	 3.866500 	 
32.500000 	 5.866900 	 4.977967 	 
32.599998 	 4.171200 	 4.706933 	 
32.700001 	 4.880500 	 4.972867 	 
32.799999 	 2.820400 	 3.957367 	 
32.900002 	 5.251300 	 4.317400 	 
33.000000 	 3.281700 	 3.784467 	 
33.099998 	 3.913400 	 4.148800 	 
33.200001 	 5.246100 	 4.147067 	 
33.299999 	 6.405900 	 5.188467 	 
33.400002 	 4.421000 	 5.357666 	 
33.500000 	 4.353800 	 5.060233 	 
33.599998 	 5.288100 	 4.687633 	 
33.700001 	 3.944200 	 4.528700 	 
33.799999 	 3.335400 	 4.189233 	 
33.900002 	 2.905500 	 3.395034 	 
34.000000 	 1.935200 	 2.725367 	 
34.099998 	 2.664700 	 2.501800 	 
34.200001 	 1.498200 	 2.032700 	 
34.299999 	 1.391000 	 1.851300 	 
34.400002 	 2.340500 	 1.743233 	 
34.500000 	 -0.584690 	 1.048937 	 
34.599998 	 -0.767400 	 0.329470 	 
34.700001 	 -0.272310 	 -0.541467 	 
34.799999 	 -0.782430 	 -0.607380 	 
34.900002 	 -1.428200 	 -0.827647 	 
35.000000 	 -0.358660 	 -0.856430 	 
35.099998 	 -3.522500 	 -1.769787 	 
35.200001 	 -3.232200 	 -2.371120 	 
35.299999 	 -3.976500 	 -3.577067 	 
35.400002 	 -4.550900 	 -3.919867 	 
35.500000 	 -4.428100 	 -4.318500 	 
35.599998 	 -2.427000 	 -3.802000 	 
35.700001 	 -5.308500 	 -4.054533 	 
35.799999 	 -4.304400 	 -4.013300 	 
35.900002 	 -6.140200 	 -5.251033 	 
36.000000 	 -5.826900 	 -5.423833 	 
36.099998 	 -4.102300 	 -5.356467 	 
36.200001 	 -5.542500 	 -5.157234 	 
36.299999 	 -5.246900 	 -4.963900 	 
36.400002 	 -5.402200 	 -5.397200 	 
36.500000 	 -3.536500 	 -4.728533 	 
36.599998 	 -6.227300 	 -5.055334 	 
36.700001 	 -3.982500 	 -4.582100 	 
36.799999 	 -4.584500 	 -4.931433 	 
36.900002 	 -3.095000 	 -3.887333 	 
37.000000 	 -4.845900 	 -4.175133 	 
37.099998 	 -1.021800 	 -2.987567 	 
37.200001 	 -2.802500 	 -2.890067 	 
37.299999 	 0.096356 	 -1.242648 	 
37.400002 	 -2.145500 	 -1.617215 	 
37.500000 	 -1.938400 	 -1.329181 	 
37.599998 	 -0.193530 	 -1.425810 	 
37.700001 	 -0.998040 	 -1.043323 	 
37.799999 	 0.806130 	 -0.128480 	 
37.900002 	 1.439800 	 0.415963 	 
38.000000 	 1.905400 	 1.383777 	 
38.099998 	 2.050600 	 1.798600 	 
38.200001 	 2.357100 	 2.104367 	 
38.299999 	 2.070500 	 2.159400 	 
38.400002 	 2.562200 	 2.329933 	 
38.500000 	 5.209100 	 3.280600 	 
38.599998 	 1.809700 	 3.193666 	 
38.700001 	 3.226600 	 3.415133 	 
38.799999 	 4.766800 	 3.267700 	 
38.900002 	 5.109400 	 4.367600 	 
39.000000 	 4.316200 	 4.730800 	 
39.099998 	 5.212300 	 4.879300 	 
39.200001 	 4.707700 	 4.745400 	 
39.299999 	 5.924500 	 5.281500 	 
39.400002 	 5.360900 	 5.331033 	 
39.500000 	 4.358500 	 5.214633 	 
39.599998 	 2.465800 	 4.061733 	 
39.700001 	 4.958200 	 3.927500 	 
39.799999 	 6.371000 	 4.598333 	 
39.900002 	 4.537400 	 5.288867 	 
40.000000 	 3.426300 	 4.778233 	 
40.099998 	 5.014600 	 4.326100 	 
40.200001 	 3.123500 	 3.854800 	 
40.299999 	 4.298100 	 4.145400 	 
40.400002 	 2.412200 	 3.277933 	 
40.500000 	 2.349100 	 3.019800 	 
40.599998 	 2.845300 	 2.535533 	 
40.700001 	 1.477000 	 2.223800 	 
40.799999 	 2.668300 	 2.330200 	 
40.900002 	 -1.522100 	 0.874400 	 
41.000000 	 -2.053200 	 -0.302333 	 
41.099998 	 -0.070222 	 -1.215174 	 
41.200001 	 -2.246400 	 -1.456607 	 
41.299999 	 -2.163100 	 -1.493241 	 
41.400002 	 -1.677600 	 -2.029033 	 
41.500000 	 -2.772800 	 -2.204500 	 
41.599998 	 -3.516100 	 -2.655500 	 
41.700001 	 -3.350800 	 -3.213233 	 
41.799999 	 -5.098600 	 -3.988500 	 
41.900002 	 -4.407900 	 -4.285767 	 
42.000000 	 -3.330700 	 -4.279067 	 
42.099998 	 -4.417200 	 -4.051933 	 
42.200001 	 -2.201000 	 -3.316300 	 
42.299999 	 -3.757800 	 -3.458667 	 
42.400002 	 -3.252100 	 -3.070300 	 
42.500000 	 -4.758000 	 -3.922633 	 
42.599998 	 -6.140100 	 -4.716733 	 
42.700001 	 -5.463700 	 -5.453933 	 
42.799999 	 -3.110200 	 -4.904667 	 
42.900002 	 -5.414800 	 -4.662899 	 
43.000000 	 -3.266100 	 -3.930367 	 
43.099998 	 -3.246500 	 -3.975800 	 
43.200001 	 -4.514300 	 -3.675633 	 
43.299999 	 -2.179600 	 -3.313467 	 
43.400002 	 -3.958600 	 -3.550833 	 
43.500000 	 -2.138300 	 -2.758833 	 
43.599998 	 -2.749100 	 -2.948667 	 
43.700001 	 -1.116700 	 -2.001367 	 
43.799999 	 -1.025600 	 -1.630467 	 
43.900002 	 -1.887800 	 -1.343367 	 
44.000000 	 1.155200 	 -0.586067 	 
44.099998 	 1.680300 	 0.315900 	 
44.200001 	 1.506300 	 1.447267 	 
44.299999 	 1.233700 	 1.473433 	 
44.400002 	 0.136830 	 0.958943 	 
44.500000 	 1.605100 	 0.991877 	 
44.599998 	 3.196200 	 1.646043 	 
44.700001 	 3.416700 	 2.739333 	 
44.799999 	 3.604900 	 3.405933 	 
44.900002 	 4.119500 	 3.713700 	 
45.000000 	 5.419500 	 4.381300 	 
45.099998 	 5.455600 	 4.998200 	 
45.200001 	 3.060100 	 4.645067 	 
45.299999 	 4.843800 	 4.453166 	 
45.400002 	 2.917700 	 3.607200 	 
45.500000 	 6.998300 	 4.919933 	 
45.599998 	 6.572800 	 5.496267 	 
45.700001 	 6.206300 	 6.592467 	 
45.799999 	 5.146700 	 5.975267 	 
45.900002 	 5.431000 	 5.594667 	 
46.000000 	 4.152700 	 4.910133 	 
46.099998 	 5.278300 	 4.954000 	 
46.200001 	 3.616600 	 4.349200 	 
46.299999 	 2.098800 	 3.664567 	 
46.400002 	 4.218100 	 3.311167 	 
46.500000 	 4.539100 	 3.618667 	 
46.599998 	 3.073300 	 3.943500 	 
46.700001 	 -0.623910 	 2.329497 	 
46.799999 	 2.537900 	 1.662430 	 
46.900002 	 3.403800 	 1.772597 	 
47.000000 	 -1.448200 	 1.497833 	 
47.099998 	 1.686400 	 1.214000 	 
47.200001 	 0.706670 	 0.314957 	 
47.299999 	 -1.846800 	 0.182090 	 
47.400002 	 -1.980900 	 -1.040343 	 
47.500000 	 -4.159000 	 -2.662233 	 
47.599998 	 0.177950 	 -1.987317 	 
47.700001 	 -3.879000 	 -2.620017 	 
47.799999 	 -3.103800 	 -2.268283 	 
47.900002 	 -3.874200 	 -3.619000 	 
48.000000 	 -3.550600 	 -3.509533 	 
48.099998 	 -4.070400 	 -3.831733 	 
48.200001 	 -5.806000 	 -4.475667 	 
48.299999 	 -4.623400 	 -4.833267 	 
48.400002 	 -4.783800 	 -5.071066 	 
48.500000 	 -5.284000 	 -4.897067 	 
48.599998 	 -4.682700 	 -4.916833 	 
48.700001 	 -5.743000 	 -5.236567 	 
48.799999 	 -6.175400 	 -5.533700 	 
48.900002 	 -5.236100 	 -5.718166 	 
49.000000 	 -5.426100 	 -5.612534 	 
49.099998 	 -5.895000 	 -5.519067 	 
49.200001 	 -3.661000 	 -4.994033 	 
49.299999 	 -4.440100 	 -4.665367 	 
49.400002 	 -3.314700 	 -3.805267 	 
49.500000 	 -3.814100 	 -3.856300 	 
49.599998 	 -2.666900 	 -3.265233 	 
49.700001 	 -2.050600 	 -2.843867 	 
49.799999 	 -2.188400 	 -2.301967 	 
49.900002 	 -3.015100 	 -2.418033 	 
50.000000 	 -1.614000 	 -2.272500 	 
50.099998 	 -1.843200 	 -2.157433 	 
50.200001 	 0.159280 	 -1.099307 	 
50.299999 	 -0.242080 	 -0.642000 	 
50.400002 	 -0.053134 	 -0.045311 	 
50.500000 	 1.749300 	 0.484695 	 
50.599998 	 2.564600 	 1.420255 	 
50.700001 	 0.939790 	 1.751230 	 
50.799999 	 2.526100 	 2.010163 	 
50.900002 	 3.494200 	 2.320030 	 
51.000000 	 3.273900 	 3.098067 	 
51.099998 	 5.560500 	 4.109533 	 
51.200001 	 3.753200 	 4.195867 	 
51.299999 	 4.900100 	 4.737934 	 
51.400002 	 3.320900 	 3.991400 	 
51.500000 	 4.022100 	 4.081033 	 
51.599998 	 5.300500 	 4.214500 	 
51.700001 	 5.609800 	 4.977467 	 
51.799999 	 5.291000 	 5.400433 	 
51.900002 	 7.161600 	 6.020800 	 
52.000000 	 4.427400 	 5.626667 	 
52.099998 	 4.261700 	 5.283567 	 
52.200001 	 5.706500 	 4.798534 	 
52.299999 	 3.651000 	 4.539733 	 
52.400002 	 6.442900 	 5.266800 	 
52.500000 	 3.380300 	 4.491400 	 
52.599998 	 3.305600 	 4.376266 	 
52.700001 	 4.376900 	 3.687600 	 
52.799999 	 2.068300 	 3.250267 	 
52.900002 	 3.365200 	 3.270133 	 
53.000000 	 2.771700 	 2.735067 	 
53.099998 	 0.436810 	 2.191237 	 
53.200001 	 1.862000 	 1.690170 	 
53.299999 	 0.876110 	 1.058307 	 
53.400002 	 -0.520490 	 0.739207 	 
53.500000 	 -1.094600 	 -0.246327 	 
53.599998 	 -0.939620 	 -0.851570 	 
53.700001 	 -1.200400 	 -1.078207 	 
53.799999 	 -2.741000 	 -1.627007 	 
53.900002 	 -2.050100 	 -1.997167 	 
54.000000 	 -2.917100 	 -2.569400 	 
54.099998 	 -4.033400 	 -3.000200 	 
54.200001 	 -4.579800 	 -3.843433 	 
54.299999 	 -4.457900 	 -4.357033 	 
54.400002 	 -4.993100 	 -4.676933 	 
54.500000 	 -3.367400 	 -4.272800 	 
54.599998 	 -5.783900 	 -4.714800 	 
54.700001 	 -4.675000 	 -4.608767 	 
54.799999 	 -4.400600 	 -4.953166 	 
54.900002 	 -5.953700 	 -5.009767 	 
55.000000 	 -4.630100 	 -4.994800 	 
55.099998 	 -5.445900 	 -5.343234 	 
55.200001 	 -5.760100 	 -5.278700 	 
55.299999 	 -6.203500 	 -5.803167 	 
55.400002 	 -5.510700 	 -5.824767 	 
55.500000 	 -2.618300 	 -4.777500 	 
55.599998 	 -5.634200 	 -4.587734 	 
55.700001 	 -4.405100 	 -4.219200 	 
55.799999 	 -4.558200 	 -4.865833 	 
55.900002 	 -2.259300 	 -3.740867 	 
56.000000 	 -3.525800 	 -3.447767 	 
56.099998 	 -2.612500 	 -2.799200 	 
56.200001 	 -0.985540 	 -2.374613 	 
56.299999 	 -0.299350 	 -1.299130 	 
56.400002 	 -1.833400 	 -1.039430 	 
56.500000 	 -0.434990 	 -0.855913 	 
56.599998 	 0.634830 	 -0.544520 	 
56.700001 	 0.743020 	 0.314287 	 
56.799999 	 3.112300 	 1.496717 	 
56.900002 	 3.015700 	 2.290340 	 
57.000000 	 3.513900 	 3.213967 	 
57.099998 	 0.565100 	 2.364900 	 
57.200001 	 2.679600 	 2.252867 	 
57.299999 	 3.173500 	 2.139400 	 
57.400002 	 2.674100 	 2.842400 	 
57.500000 	 3.280600 	 3.042733 	 
57.599998 	 5.065900 	 3.673533 	 
57.700001 	 3.169400 	 3.838633 	 
57.799999 	 5.917500 	 4.717600 	 
57.900002 	 6.543400 	 5.210100 	 
58.000000 	 4.977600 	 5.812833 	 
58.099998 	 6.797000 	 6.106000 	 
58.200001 	 6.590800 	 6.121800 	 
58.299999 	 4.997500 	 6.128433 	 
58.400002 	 4.404400 	 5.330900 	 
58.500000 	 5.494400 	 4.965433 	 
58.599998 	 3.769300 	 4.556034 	 
58.700001 	 4.004500 	 4.422733 	 
58.799999 	 5.086800 	 4.286867 	 
58.900002 	 2.542100 	 3.877800 	 
59.000000 	 2.486300 	 3.371733 	 
59.099998 	 3.660700 	 2.896367 	 
59.200001 	 0.516360 	 2.221120 	 
59.299999 	 2.832900 	 2.336653 	 
59.400002 	 1.335700 	 1.561653 	 
59.500000 	 0.797680 	 1.655427 	 
59.599998 	 0.296810 	 0.810063 	 
59.700001 	 -0.436420 	 0.219357 	 
59.799999 	 -0.603280 	 -0.247630 	 
59.900002 	 -1.503700 	 -0.847800 	 
60.000000 	 -2.312800 	 -1.473260 	 
60.099998 	 -0.982290 	 -1.599597 	 
60.200001 	 -2.443100 	 -1.912730 	 
60.299999 	 -2.406300 	 -1.943897 	 
60.400002 	 -2.693200 	 -2.514200 	 
60.500000 	 -3.793500 	 -2.964333 	 
60.599998 	 -4.305600 	 -3.597433 	 
60.700001 	 -3.802500 	 -3.967200 	 
60.799999 	 -4.781100 	 -4.296400 	 
60.900002 	 -4.159000 	 -4.247533 	 
61.000000 	 -5.919800 	 -4.953300 	 
61.099998 	 -4.906200 	 -4.995000 	 
61.200001 	 -4.871400 	 -5.232466 	 
61.299999 	 -3.616800 	 -4.464800 	 
61.400002 	 -3.203700 	 -3.897300 	 
61.500000 	 -5.084500 	 -3.968333 	 
61.599998 	 -5.387500 	 -4.558567 	 
61.700001 	 -5.571400 	 -5.347800 	 
61.799999 	 -4.866400 	 -5.275100 	 
61.900002 	 -4.011100 	 -4.816300 	 
62.000000 	 -4.942300 	 -4.606600 	 
62.099998 	 -3.818400 	 -4.257267 	 
62.200001 	 -2.402000 	 -3.720900 	 
62.299999 	 -1.110800 	 -2.443733 	 
62.400002 	 -1.110800 	 -1.541200 	 
62.500000 	 -2.263800 	 -1.495133 	 
62.599998 	 -3.148000 	 -2.174200 	 
62.700001 	 -1.055600 	 -2.155800 	 
62.799999 	 0.190050 	 -1.337850 	 
62.900002 	 0.390590 	 -0.158320 	 
63.000000 	 0.231620 	 0.270753 	 
63.099998 	 0.761610 	 0.461273 	 
63.200001 	 2.242500 	 1.078577 	 
63.299999 	 3.641100 	 2.215070 	 
63.400002 	 3.317100 	 3.066900 	 
63.500000 	 0.907120 	 2.621773 	 
63.599998 	 2.632800 	 2.285673 	 
63.700001 	 2.737700 	 2.092540 	 
63.799999 	 3.211500 	 2.860667 	 
63.900002 	 5.767300 	 3.905500 	 
64.000000 	 4.963100 	 4.647300 	 
64.099998 	 4.796700 	 5.175700 	 
64.199997 	 4.778300 	 4.846033 	 
64.300003 	 3.073700 	 4.216233 	 
64.400002 	 4.705400 	 4.185800 	 
64.500000 	 4.366400 	 4.048500 	 
64.599998 	 4.739400 	 4.603733 	 
64.699997 	 3.984400 	 4.363400 	 
64.800003 	 5.272500 	 4.665433 	 
64.900002 	 4.067500 	 4.441467 	 
65.000000 	 4.385600 	 4.575200 	 
65.099998 	 4.411200 	 4.288100 	 
65.199997 	 3.525800 	 4.107533 	 
65.300003 	 3.148900 	 3.695300 	 
65.400002 	 3.625100 	 3.433267 	 
65.500000 	 3.209100 	 3.327700 	 
65.599998 	 0.559750 	 2.464650 	 
65.699997 	 0.078394 	 1.282415 	 
65.800003 	 2.222000 	 0.953381 	 
65.900002 	 0.089518 	 0.796637 	 
66.000000 	 0.034930 	 0.782149 	 
66.099998 	 -0.401010 	 -0.092187 	 
66.199997 	 -1.366000 	 -0.577360 	 
66.300003 	 -1.472700 	 -1.079903 	 
66.400002 	 -2.460600 	 -1.766433 	 
66.500000 	 -1.434700 	 -1.789333 	 
66.599998 	 -2.361800 	 -2.085700 	 
66.699997 	 -4.079700 	 -2.625400 	 
66.800003 	 -3.014500 	 -3.152000 	 
66.900002 	 -5.309500 	 -4.134567 	 
67.000000 	 -5.443600 	 -4.589200 	 
67.099998 	 -5.716500 	 -5.489867 	 
67.199997 	 -4.912700 	 -5.357600 	 
67.300003 	 -4.352400 	 -4.993866 	 
67.400002 	 -4.022700 	 -4.429266 	 
67.500000 	 -5.569200 	 -4.648100 	 
67.599998 	 -5.797500 	 -5.129800 	 
67.699997 	 -4.765000 	 -5.377234 	 
67.800003 	 -4.197200 	 -4.919900 	 
67.900002 	 -5.825400 	 -4.929200 	 
68.000000 	 -4.903200 	 -4.975266 	 
68.099998 	 -4.166100 	 -4.964900 	 
68.199997 	 -4.407500 	 -4.492267 	 
68.300003 	 -3.875100 	 -4.149567 	 
68.400002 	 -3.800900 	 -4.027833 	 
68.500000 	 -1.248200 	 -2.974733 	 
68.599998 	 -4.281400 	 -3.110167 	 
68.699997 	 -1.913700 	 -2.481100 	 
68.800003 	 0.230240 	 -1.988287 	 
68.900002 	 -1.417000 	 -1.033487 	 
69.000000 	 -0.368560 	 -0.518440 	 
69.099998 	 -2.096200 	 -1.293920 	 
69.199997 	 -1.199300 	 -1.221353 	 
69.300003 	 -0.554430 	 -1.283310 	 
69.400002 	 2.972500 	 0.406257 	 
69.500000 	 2.650200 	 1.689423 	 
69.599998 	 1.808000 	 2.476900 	 
69.699997 	 3.021300 	 2.493167 	 
69.800003 	 5.066300 	 3.298533 	 
69.900002 	 2.668600 	 3.585400 	 
70.000000 	 4.347100 	 4.027333 	 
70.099998 	 4.979800 	 3.998500 	 
70.199997 	 3.195800 	 4.174233 	 
70.300003 	 3.406900 	 3.860833 	 
70.400002 	 5.142300 	 3.915000 	 
70.500000 	 5.521200 	 4.690134 	 
70.599998 	 3.551700 	 4.738400 	 
70.699997 	 6.073700 	 5.048867 	 
70.800003 	 4.542900 	 4.722767 	 
70.900002 	 3.047700 	 4.554767 	 
71.000000 	 4.981200 	 4.190600 	 
71.099998 	 5.870900 	 4.633267 	 
71.199997 	 4.088600 	 4.980234 	 
71.300003 	 5.491900 	 5.150466 	 
71.400002 	 4.528900 	 4.703133 	 
71.500000 	 2.075200 	 4.032000 	 
71.599998 	 2.205700 	 2.936600 	 
71.699997 	 2.596200 	 2.292367 	 
71.800003 	 3.399500 	 2.733800 	 
71.900002 	 2.255900 	 2.750533 	 
72.000000 	 -0.128440 	 1.842320 	 
72.099998 	 2.159600 	 1.429020 	 
72.199997 	 0.475710 	 0.835623 	 
72.300003 	 0.649860 	 1.095057 	 
72.400002 	 -1.300100 	 -0.058177 	 
72.500000 	 -2.217400 	 -0.955880 	 
72.599998 	 -2.657500 	 -2.058333 	 
72.699997 	 -1.057900 	 -1.977600 	 
72.800003 	 -4.614100 	 -2.776500 	 
72.900002 	 -2.976000 	 -2.882667 	 
73.000000 	 -3.964500 	 -3.851533 	 
73.099998 	 -4.183600 	 -3.708033 	 
73.199997 	 -4.621700 	 -4.256600 	 
73.300003 	 -4.599100 	 -4.468133 	 
73.400002 	 -4.307500 	 -4.509433 	 
73.500000 	 -5.451500 	 -4.786033 	 
73.599998 	 -5.811300 	 -5.190100 	 
73.699997 	 -6.448500 	 -5.903767 	 
73.800003 	 -6.073200 	 -6.111000 	 
73.900002 	 -3.645100 	 -5.388933 	 
74.000000 	 -5.376100 	 -5.031467 	 
74.099998 	 -6.401600 	 -5.140934 	 
74.199997 	 -5.542800 	 -5.773500 	 
74.300003 	 -4.146200 	 -5.363533 	 
74.400002 	 -4.315100 	 -4.668033 	 
74.500000 	 -3.844100 	 -4.101800 	 
74.599998 	 -3.933000 	 -4.030734 	 
74.699997 	 -1.884300 	 -3.220467 	 
74.800003 	 -3.529000 	 -3.115433 	 
74.900002 	 -3.189400 	 -2.867567 	 
75.000000 	 -3.794000 	 -3.504133 	 
75.099998 	 -1.624400 	 -2.869267 	 
75.199997 	 -1.320700 	 -2.246367 	 
75.300003 	 0.050078 	 -0.965007 	 
75.400002 	 -0.547640 	 -0.606087 	 
75.500000 	 -0.654610 	 -0.384057 	 
75.599998 	 -0.971270 	 -0.724507 	 
75.699997 	 4.337900 	 0.904007 	 
75.800003 	 2.337000 	 1.901210 	 
75.900002 	 4.453000 	 3.709300 	 
76.000000 	 3.241300 	 3.343766 	 
76.099998 	 1.763300 	 3.152533 	 
76.199997 	 4.588400 	 3.197667 	 
76.300003 	 3.501500 	 3.284400 	 
76.400002 	 5.428100 	 4.506000 	 
76.500000 	 5.489900 	 4.806500 	 
76.599998 	 5.330700 	 5.416234 	 
76.699997 	 5.172300 	 5.330967 	 
76.800003 	 4.724600 	 5.075867 	 
76.900002 	 6.824100 	 5.573667 	 
77.000000 	 4.864800 	 5.471167 	 
77.099998 	 3.735000 	 5.141300 	 
77.199997 	 3.603200 	 4.067667 	 
77.300003 	 4.873500 	 4.070567 	 
77.400002 	 3.722700 	 4.066467 	 
77.500000 	 2.700200 	 3.765467 	 
77.599998 	 3.699600 	 3.374167 	 
77.699997 	 4.363100 	 3.587633 	 
77.800003 	 4.335000 	 4.132567 	 
77.900002 	 2.905700 	 3.867933 	 
78.000000 	 1.840000 	 3.026900 	 
78.099998 	 1.631900 	 2.125867 	 
78.199997 	 0.183940 	 1.218613 	 
78.300003 	 1.407500 	 1.074447 	 
78.400002 	 -0.074548 	 0.505631 	 
78.500000 	 -0.438100 	 0.298284 	 
78.599998 	 -0.776150 	 -0.429599 	 
78.699997 	 -1.071200 	 -0.761817 	 
78.800003 	 -0.914850 	 -0.920733 	 
78.900002 	 -1.814400 	 -1.266817 	 
79.000000 	 -1.001400 	 -1.243550 	 
79.099998 	 -3.046000 	 -1.953933 	 
79.199997 	 -2.519100 	 -2.188833 	 
79.300003 	 -4.570400 	 -3.378500 	 
79.400002 	 -4.992500 	 -4.027334 	 
79.500000 	 -6.009600 	 -5.190834 	 
79.599998 	 -4.897700 	 -5.299933 	 
79.699997 	 -4.641200 	 -5.182833 	 
79.800003 	 -5.017700 	 -4.852200 	 
79.900002 	 -4.536400 	 -4.731767 	 
80.000000 	 -4.694100 	 -4.749400 	 
80.099998 	 -6.068100 	 -5.099533 	 
80.199997 	 -3.369700 	 -4.710633 	 
80.300003 	 -3.836700 	 -4.424833 	 
80.400002 	 -4.085200 	 -3.763866 	 
80.500000 	 -5.003200 	 -4.308367 	 
80.599998 	 -2.967800 	 -4.018734 	 
80.699997 	 -3.478500 	 -3.816500 	 
80.800003 	 -2.696700 	 -3.047667 	 
80.900002 	 -4.269700 	 -3.481633 	 
81.000000 	 -1.937900 	 -2.968100 	 
81.099998 	 -2.939100 	 -3.048900 	 
81.199997 	 -3.030800 	 -2.635933 	 
81.300003 	 -2.871500 	 -2.947133 	 
81.400002 	 -2.111300 	 -2.671200 	 
81.500000 	 -2.510300 	 -2.497700 	 
81.599998 	 -1.014500 	 -1.878700 	 
81.699997 	 -0.866830 	 -1.463877 	 
81.800003 	 1.488700 	 -0.130877 	 
81.900002 	 2.608100 	 1.076657 	 
82.000000 	 1.036800 	 1.711200 	 
82.099998 	 1.894600 	 1.846500 	 
82.199997 	 1.544900 	 1.492100 	 
82.300003 	 3.936700 	 2.458733 	 
82.400002 	 1.925500 	 2.469033 	 
82.500000 	 5.023300 	 3.628500 	 
82.599998 	 4.620000 	 3.856267 	 
82.699997 	 2.348100 	 3.997133 	 
82.800003 	 3.948100 	 3.638733 	 
82.900002 	 4.285300 	 3.527167 	 
83.000000 	 5.366900 	 4.533433 	 
83.099998 	 6.181500 	 5.277900 	 
83.199997 	 4.924900 	 5.491100 	 
83.300003 	 4.421400 	 5.175933 	 
83.400002 	 2.351800 	 3.899367 	 
83.500000 	 4.235200 	 3.669467 	 
83.599998 	 5.816300 	 4.134433 	 
83.699997 	 3.769000 	 4.606833 	 
83.800003 	 4.856200 	 4.813833 	 
83.900002 	 4.367000 	 4.330733 	 
84.000000 	 2.128800 	 3.784000 	 
84.099998 	 3.069000 	 3.188267 	 
84.199997 	 3.760300 	 2.986033 	 
84.300003 	 2.979200 	 3.269500 	 
84.400002 	 2.690800 	 3.143433 	 
84.500000 	 1.637500 	 2.435833 	 
84.599998 	 0.172690 	 1.500330 	 
84.699997 	 1.085900 	 0.965363 	 
84.800003 	 0.300220 	 0.519603 	 
84.900002 	 -0.667090 	 0.239677 	 
85.000000 	 -2.420600 	 -0.929157 	 
85.099998 	 -1.343600 	 -1.477097 	 
85.199997 	 -2.695900 	 -2.153367 	 
85.300003 	 -0.676880 	 -1.572127 	 
85.400002 	 -2.270300 	 -1.881027 	 
85.500000 	 -1.324300 	 -1.423827 	 
85.599998 	 -3.399400 	 -2.331333 	 
85.699997 	 -4.128900 	 -2.950867 	 
85.800003 	 -4.730700 	 -4.086333 	 
85.900002 	 -4.978700 	 -4.612767 	 
86.000000 	 -5.013500 	 -4.907633 	 
86.099998 	 -3.387400 	 -4.459867 	 
86.199997 	 -6.059900 	 -4.820267 	 
86.300003 	 -4.257200 	 -4.568166 	 
86.400002 	 -5.109000 	 -5.142033 	 
86.500000 	 -3.479100 	 -4.281767 	 
86.599998 	 -6.258300 	 -4.948800 	 
86.699997 	 -4.457400 	 -4.731600 	 
86.800003 	 -5.618900 	 -5.444866 	 
86.900002 	 -4.903500 	 -4.993267 	 
87.000000 	 -4.141300 	 -4.887900 	 
87.099998 	 -4.300500 	 -4.448433 	 
87.199997 	 -3.096500 	 -3.846100 	 
87.300003 	 -3.067800 	 -3.488267 	 
87.400002 	 -2.351200 	 -2.838500 	 
87.500000 	 -3.695100 	 -3.038033 	 
87.599998 	 -2.135800 	 -2.727367 	 
87.699997 	 -1.830700 	 -2.553867 	 
87.800003 	 -0.853410 	 -1.606637 	 
87.900002 	 -0.388390 	 -1.024167 	 
88.000000 	 0.987570 	 -0.084743 	 
88.099998 	 0.795850 	 0.465010 	 
88.199997 	 2.379100 	 1.387507 	 
88.300003 	 2.802400 	 1.992450 	 
88.400002 	 0.693390 	 1.958297 	 
88.500000 	 1.389400 	 1.628397 	 
88.599998 	 2.151000 	 1.411263 	 
88.699997 	 3.529100 	 2.356500 	 
88.800003 	 2.499100 	 2.726400 	 
88.900002 	 4.259000 	 3.429066 	 
89.000000 	 4.690300 	 3.816133 	 
89.099998 	 4.385800 	 4.445033 	 
89.199997 	 4.300700 	 4.458933 	 
89.300003 	 6.514300 	 5.066933 	 
89.400002 	 4.676800 	 5.163933 	 
89.500000 	 5.703300 	 5.631466 	 
89.599998 	 4.446200 	 4.942100 	 
89.699997 	 6.140700 	 5.430067 	 
89.800003 	 2.916200 	 4.501033 	 
89.900002 	 4.160500 	 4.405800 	 
90.000000 	 4.473500 	 3.850066 	 
90.099998 	 2.231300 	 3.621766 	 
90.199997 	 7.027500 	 4.577433 	 
90.300003 	 3.388100 	 4.215633 	 
90.400002 	 5.461300 	 5.292300 	 
90.500000 	 3.501500 	 4.116967 	 
90.599998 	 2.319700 	 3.760833 	 
90.699997 	 0.495550 	 2.105583 	 
90.800003 	 0.976080 	 1.263777 	 
90.900002 	 1.263600 	 0.911743 	 
91.000000 	 -1.498400 	 0.247093 	 
91.099998 	 -0.538100 	 -0.257633 	 
91.199997 	 0.115750 	 -0.640250 	 
91.300003 	 -0.178740 	 -0.200363 	 
91.400002 	 -1.571200 	 -0.544730 	 
91.500000 	 -3.135000 	 -1.628313 	 
91.599998 	 -3.705200 	 -2.803800 	 
91.699997 	 -2.747100 	 -3.195767 	 
91.800003 	 -3.043600 	 -3.165300 	 
91.900002 	 -1.778200 	 -2.522967 	 
92.000000 	 -3.443700 	 -2.755167 	 
92.099998 	 -4.152900 	 -3.124933 	 
92.199997 	 -4.335300 	 -3.977300 	 
92.300003 	 -4.902000 	 -4.463400 	 
92.400002 	 -5.438100 	 -4.891800 	 
92.500000 	 -3.981900 	 -4.774000 	 
92.599998 	 -5.165600 	 -4.861866 	 
92.699997 	 -4.742600 	 -4.630033 	 
92.800003 	 -4.628700 	 -4.845633 	 
92.900002 	 -5.752900 	 -5.041399 	 
93.000000 	 -5.759900 	 -5.380500 	 
93.099998 	 -5.106000 	 -5.539600 	 
93.199997 	 -6.506200 	 -5.790700 	 
93.300003 	 -3.469100 	 -5.027100 	 
93.400002 	 -2.955800 	 -4.310367 	 
93.500000 	 -2.066300 	 -2.830400 	 
93.599998 	 -4.611600 	 -3.211233 	 
93.699997 	 -1.435400 	 -2.704433 	 
93.800003 	 -3.647100 	 -3.231366 	 
93.900002 	 -2.353600 	 -2.478700 	 
94.000000 	 -1.446900 	 -2.482533 	 
94.099998 	 -2.435700 	 -2.078733 	 
94.199997 	 0.287740 	 -1.198287 	 
94.300003 	 0.264590 	 -0.627790 	 
94.400002 	 0.669330 	 0.407220 	 
94.500000 	 -0.243650 	 0.230090 	 
94.599998 	 2.216200 	 0.880627 	 
94.699997 	 1.766600 	 1.246383 	 
94.800003 	 4.083600 	 2.688800 	 
94.900002 	 4.420600 	 3.423600 	 
95.000000 	 3.288000 	 3.930733 	 
95.099998 	 3.949700 	 3.886100 	 
95.199997 	 5.260800 	 4.166167 	 
95.300003 	 5.666800 	 4.959100 	 
95.400002 	 4.671000 	 5.199533 	 
95.500000 	 7.080600 	 5.806133 	 
95.599998 	 5.715200 	 5.822266 	 
95.699997 	 6.267800 	 6.354533 	 
95.800003 	 4.537400 	 5.506800 	 
95.900002 	 3.550700 	 4.785300 	 
96.000000 	 5.998100 	 4.695400 	 
96.099998 	 5.415900 	 4.988233 	 
96.199997 	 5.356500 	 5.590167 	 
96.300003 	 3.609300 	 4.793900 	 
96.400002 	 3.567100 	 4.177633 	 
96.500000 	 4.985200 	 4.053866 	 
96.599998 	 3.139200 	 3.897166 	 
96.699997 	 4.724800 	 4.283067 	 
96.800003 	 1.994800 	 3.286267 	 
96.900002 	 4.297400 	 3.672333 	 
97.000000 	 0.163590 	 2.151930 	 
97.099998 	 -1.010900 	 1.150030 	 
97.199997 	 1.150900 	 0.101197 	 
97.300003 	 2.269600 	 0.803200 	 
97.400002 	 0.974500 	 1.465000 	 
97.500000 	 0.563770 	 1.269290 	 
97.599998 	 -1.267200 	 0.090357 	 
97.699997 	 -1.333200 	 -0.678877 	 
97.800003 	 -1.704500 	 -1.434967 	 
97.900002 	 -3.678800 	 -2.238833 	 
98.000000 	 -1.246100 	 -2.209800 	 
98.099998 	 -3.641200 	 -2.855367 	 
98.199997 	 -3.157600 	 -2.681633 	 
98.300003 	 -4.297400 	 -3.698733 	 
98.400002 	 -2.379700 	 -3.278233 	 
98.500000 	 -2.950800 	 -3.209300 	 
98.599998 	 -3.959700 	 -3.096733 	 
98.699997 	 -5.225100 	 -4.045200 	 
98.800003 	 -6.214100 	 -5.132967 	 
98.900002 	 -4.689600 	 -5.376266 	 
99.000000 	 -3.862300 	 -4.922000 	 
99.099998 	 -5.086300 	 -4.546067 	 
99.199997 	 -6.314400 	 -5.087667 	 
99.300003 	 -2.694100 	 -4.698267 	 
99.400002 	 -5.776500 	 -4.928333 	 
99.500000 	 -2.695200 	 -3.721933 	 
99.599998 	 -3.246800 	 -3.906167 	 
99.699997 	 -3.434900 	 -3.125633 	 
99.800003 	 -3.223300 	 -3.301667 	 
99.900002 	 -2.541900 	 -3.066700 	 
100.000000 	 -2.949300 	 -2.904834 	 
