0.000000 	 -0.275940 	 -0.275940 	 
0.100000 	 0.683070 	 0.683070 	 
0.200000 	 0.037993 	 0.360532 	 
0.300000 	 2.857600 	 1.447796 	 
0.400000 	 2.869800 	 2.863700 	 
0.500000 	 3.218300 	 3.044050 	 
0.600000 	 3.508400 	 3.363350 	 
0.700000 	 3.854200 	 3.681300 	 
0.800000 	 4.128100 	 3.991150 	 
0.900000 	 3.274900 	 3.701500 	 
1.000000 	 3.344400 	 3.309650 	 
1.100000 	 2.214000 	 2.779200 	 
1.200000 	 5.258300 	 3.736150 	 
1.300000 	 4.642500 	 4.950400 	 
1.400000 	 4.463200 	 4.552850 	 
1.500000 	 5.566200 	 5.014700 	 
1.600000 	 8.322400 	 6.944300 	 
1.700000 	 3.257900 	 5.790150 	 
1.800000 	 3.052600 	 3.155250 	 
1.900000 	 4.068400 	 3.560500 	 
2.000000 	 4.257900 	 4.163150 	 
2.100000 	 2.910700 	 3.584300 	 
2.200000 	 2.062300 	 2.486500 	 
2.300000 	 2.206100 	 2.134200 	 
2.400000 	 4.546000 	 3.376050 	 
2.500000 	 1.799500 	 3.172750 	 
2.600000 	 1.845300 	 1.822400 	 
2.700000 	 0.810960 	 1.328130 	 
2.800000 	 2.950800 	 1.880880 	 
2.900000 	 0.124140 	 1.537470 	 
3.000000 	 0.235530 	 0.179835 	 
3.100000 	 -2.103400 	 -0.933935 	 
3.200000 	 0.114450 	 -0.994475 	 
3.300000 	 -1.283900 	 -0.584725 	 
3.400000 	 -1.315900 	 -1.299900 	 
3.500000 	 1.102400 	 -0.106750 	 
3.600000 	 -3.172800 	 -1.035200 	 
3.700000 	 -0.992930 	 -2.082865 	 
3.800000 	 -3.172200 	 -2.082565 	 
3.900000 	 -1.763500 	 -2.467850 	 
4.000000 	 -4.533800 	 -3.148650 	 
4.100000 	 -1.692800 	 -3.113300 	 
4.200000 	 -5.885700 	 -3.789250 	 
4.300000 	 -3.463600 	 -4.674650 	 
4.400000 	 -4.026400 	 -3.745000 	 
4.500000 	 -5.371500 	 -4.698950 	 
4.600000 	 -4.459100 	 -4.915300 	 
4.700000 	 -2.907800 	 -3.683450 	 
4.800000 	 -4.961800 	 -3.934800 	 
4.900000 	 -3.761900 	 -4.361850 	 
5.000000 	 -3.987300 	 -3.874600 	 
5.100000 	 -5.896500 	 -4.941900 	 
5.200000 	 -5.502600 	 -5.699550 	 
5.300000 	 -3.645200 	 -4.573900 	 
5.400000 	 -5.184600 	 -4.414900 	 
5.500000 	 -4.109600 	 -4.647100 	 
5.600000 	 -3.161000 	 -3.635300 	 
5.700000 	 -3.901000 	 -3.531000 	 
5.800000 	 -1.190800 	 -2.545900 	 
5.900000 	 -1.606100 	 -1.398450 	 
6.000000 	 -1.957200 	 -1.781650 	 
6.100000 	 -0.867010 	 -1.412105 	 
6.200000 	 -0.939910 	 -0.903460 	 
6.300000 	 0.167520 	 -0.386195 	 
6.400000 	 2.308700 	 1.238110 	 
6.500000 	 -1.092100 	 0.608300 	 
6.600000 	 -0.235520 	 -0.663810 	 
6.700000 	 1.855500 	 0.809990 	 
6.800000 	 3.098500 	 2.477000 	 
6.900000 	 2.750800 	 2.924650 	 
7.000000 	 3.825700 	 3.288250 	 
7.100000 	 3.466300 	 3.646000 	 
7.200000 	 2.874100 	 3.170200 	 
7.300000 	 4.074500 	 3.474300 	 
7.400000 	 5.440700 	 4.757600 	 
7.500000 	 5.438900 	 5.439800 	 
7.600000 	 5.062700 	 5.250800 	 
7.700000 	 4.102400 	 4.582550 	 
7.800000 	 5.320300 	 4.711350 	 
7.900000 	 4.809700 	 5.065000 	 
8.000000 	 4.235300 	 4.522500 	 
8.100000 	 4.234100 	 4.234700 	 
8.200000 	 6.887000 	 5.560550 	 
8.300000 	 5.805800 	 6.346400 	 
8.400000 	 4.891800 	 5.348800 	 
8.500000 	 5.289000 	 5.090400 	 
8.600000 	 3.916000 	 4.602500 	 
8.700000 	 2.109100 	 3.012550 	 
8.800000 	 2.079700 	 2.094400 	 
8.900000 	 0.335760 	 1.207730 	 
9.000000 	 1.727900 	 1.031830 	 
9.100000 	 2.291000 	 2.009450 	 
9.200000 	 0.484920 	 1.387960 	 
9.300000 	 0.096449 	 0.290684 	 
9.400000 	 0.447220 	 0.271834 	 
9.500000 	 -0.946460 	 -0.249620 	 
9.600000 	 -2.175700 	 -1.561080 	 
9.700000 	 -2.076600 	 -2.126150 	 
9.800000 	 -1.358600 	 -1.717600 	 
9.900000 	 -3.312900 	 -2.335750 	 
10.000000 	 -2.279900 	 -2.796400 	 
10.100000 	 -2.813200 	 -2.546550 	 
10.200000 	 -2.455500 	 -2.634350 	 
10.300000 	 -3.744500 	 -3.100000 	 
10.400000 	 -3.147200 	 -3.445850 	 
10.500000 	 -4.937100 	 -4.042150 	 
10.600000 	 -3.620000 	 -4.278550 	 
10.700000 	 -4.397500 	 -4.008750 	 
10.800000 	 -6.535000 	 -5.466250 	 
10.900000 	 -3.862800 	 -5.198900 	 
11.000000 	 -5.137100 	 -4.499950 	 
11.100000 	 -6.014400 	 -5.575750 	 
11.200000 	 -4.283500 	 -5.148950 	 
11.300000 	 -4.311100 	 -4.297300 	 
11.400000 	 -4.266100 	 -4.288600 	 
11.500000 	 -4.862100 	 -4.564100 	 
11.600000 	 -3.453300 	 -4.157700 	 
11.700000 	 -5.147600 	 -4.300450 	 
11.800000 	 -4.097000 	 -4.622300 	 
11.900000 	 -1.332000 	 -2.714500 	 
12.000000 	 -3.051200 	 -2.191600 	 
12.100000 	 -0.982860 	 -2.017030 	 
12.200000 	 -1.487800 	 -1.235330 	 
12.300000 	 -1.868000 	 -1.677900 	 
12.400000 	 -1.142900 	 -1.505450 	 
12.500000 	 -0.358470 	 -0.750685 	 
12.600000 	 -0.337880 	 -0.348175 	 
12.700000 	 2.141900 	 0.902010 	 
12.800000 	 0.262800 	 1.202350 	 
12.900000 	 0.564890 	 0.413845 	 
13.000000 	 2.552100 	 1.558495 	 
13.100000 	 2.975700 	 2.763900 	 
13.200000 	 4.256000 	 3.615850 	 
13.300000 	 0.719650 	 2.487825 	 
13.400000 	 3.524800 	 2.122225 	 
13.500000 	 4.380200 	 3.952500 	 
13.600000 	 3.370000 	 3.875100 	 
13.700000 	 3.954500 	 3.662250 	 
13.800000 	 5.423800 	 4.689150 	 
13.900000 	 5.486700 	 5.455250 	 
14.000000 	 5.236300 	 5.361500 	 
14.100000 	 3.514200 	 4.375250 	 
14.200000 	 5.624700 	 4.569450 	 
14.300000 	 5.172500 	 5.398600 	 
14.400000 	 6.507700 	 5.840100 	 
14.500000 	 5.375100 	 5.941400 	 
14.600000 	 3.165600 	 4.270350 	 
14.700000 	 4.865800 	 4.015700 	 
14.800000 	 3.849500 	 4.357650 	 
14.900000 	 3.558000 	 3.703750 	 
15.000000 	 3.292500 	 3.425250 	 
15.100000 	 2.600000 	 2.946250 	 
15.200000 	 2.012100 	 2.306050 	 
15.300000 	 1.184200 	 1.598150 	 
15.400000 	 -0.215070 	 0.484565 	 
15.500000 	 1.770900 	 0.777915 	 
15.600000 	 -1.414600 	 0.178150 	 
15.700000 	 1.793100 	 0.189250 	 
15.800000 	 -1.094900 	 0.349100 	 
15.900000 	 -1.173800 	 -1.134350 	 
16.000000 	 -1.876300 	 -1.525050 	 
16.100000 	 -1.553400 	 -1.714850 	 
16.200001 	 -2.381900 	 -1.967650 	 
16.299999 	 -4.189800 	 -3.285850 	 
16.400000 	 -5.514500 	 -4.852150 	 
16.500000 	 -3.798300 	 -4.656400 	 
16.600000 	 -4.035200 	 -3.916750 	 
16.700001 	 -2.717500 	 -3.376350 	 
16.799999 	 -4.864700 	 -3.791100 	 
16.900000 	 -4.372000 	 -4.618350 	 
17.000000 	 -4.189800 	 -4.280900 	 
17.100000 	 -6.339400 	 -5.264600 	 
17.200001 	 -4.248700 	 -5.294050 	 
17.299999 	 -5.137800 	 -4.693250 	 
17.400000 	 -6.172700 	 -5.655250 	 
17.500000 	 -5.001600 	 -5.587150 	 
17.600000 	 -5.236400 	 -5.119000 	 
17.700001 	 -2.324300 	 -3.780350 	 
17.799999 	 -4.633200 	 -3.478750 	 
17.900000 	 -3.388300 	 -4.010750 	 
18.000000 	 -2.585700 	 -2.987000 	 
18.100000 	 -2.019100 	 -2.302400 	 
18.200001 	 -4.509300 	 -3.264200 	 
18.299999 	 -3.280400 	 -3.894850 	 
18.400000 	 -3.867700 	 -3.574050 	 
18.500000 	 -1.788800 	 -2.828250 	 
18.600000 	 -0.378370 	 -1.083585 	 
18.700001 	 -0.446570 	 -0.412470 	 
18.799999 	 -1.329400 	 -0.887985 	 
18.900000 	 2.079700 	 0.375150 	 
19.000000 	 0.140100 	 1.109900 	 
19.100000 	 2.668600 	 1.404350 	 
19.200001 	 1.724200 	 2.196400 	 
19.299999 	 3.167800 	 2.446000 	 
19.400000 	 3.404200 	 3.286000 	 
19.500000 	 6.331900 	 4.868050 	 
19.600000 	 3.547100 	 4.939500 	 
19.700001 	 3.088600 	 3.317850 	 
19.799999 	 5.342200 	 4.215400 	 
19.900000 	 4.020200 	 4.681200 	 
20.000000 	 4.160300 	 4.090250 	 
20.100000 	 4.485600 	 4.322950 	 
20.200001 	 4.663300 	 4.574450 	 
20.299999 	 5.339700 	 5.001500 	 
20.400000 	 5.863800 	 5.601750 	 
20.500000 	 3.875300 	 4.869550 	 
20.600000 	 5.684300 	 4.779800 	 
20.700001 	 3.888900 	 4.786600 	 
20.799999 	 3.763200 	 3.826050 	 
20.900000 	 1.259900 	 2.511550 	 
21.000000 	 4.380700 	 2.820300 	 
21.100000 	 4.789900 	 4.585300 	 
21.200001 	 3.630200 	 4.210050 	 
21.299999 	 3.276400 	 3.453300 	 
21.400000 	 2.775800 	 3.026100 	 
21.500000 	 3.067200 	 2.921500 	 
21.600000 	 2.686000 	 2.876600 	 
21.700001 	 1.760400 	 2.223200 	 
21.799999 	 0.956230 	 1.358315 	 
21.900000 	 -1.009100 	 -0.026435 	 
22.000000 	 0.617630 	 -0.195735 	 
22.100000 	 -1.901500 	 -0.641935 	 
22.200001 	 -1.595800 	 -1.748650 	 
22.299999 	 -2.566100 	 -2.080950 	 
22.400000 	 -1.452600 	 -2.009350 	 
22.500000 	 -3.729500 	 -2.591050 	 
22.600000 	 -3.075100 	 -3.402300 	 
22.700001 	 -2.795000 	 -2.935050 	 
22.799999 	 -2.601100 	 -2.698050 	 
22.900000 	 -4.615600 	 -3.608350 	 
23.000000 	 -4.095300 	 -4.355450 	 
23.100000 	 -5.150300 	 -4.622800 	 
23.200001 	 -5.920700 	 -5.535500 	 
23.299999 	 -4.030900 	 -4.975800 	 
23.400000 	 -4.525900 	 -4.278400 	 
23.500000 	 -4.094800 	 -4.310350 	 
23.600000 	 -5.647700 	 -4.871250 	 
23.700001 	 -3.896300 	 -4.772000 	 
23.799999 	 -6.031900 	 -4.964100 	 
23.900000 	 -4.386300 	 -5.209100 	 
24.000000 	 -4.142000 	 -4.264150 	 
24.100000 	 -6.010900 	 -5.076450 	 
24.200001 	 -3.235700 	 -4.623300 	 
24.299999 	 -2.083300 	 -2.659500 	 
24.400000 	 -2.105000 	 -2.094150 	 
24.500000 	 -2.998700 	 -2.551850 	 
24.600000 	 -2.260300 	 -2.629500 	 
24.700001 	 -2.434500 	 -2.347400 	 
24.799999 	 -2.538900 	 -2.486700 	 
24.900000 	 -1.798100 	 -2.168500 	 
25.000000 	 -0.296400 	 -1.047250 	 
25.100000 	 -0.381210 	 -0.338805 	 
25.200001 	 2.489100 	 1.053945 	 
25.299999 	 1.265500 	 1.877300 	 
25.400000 	 1.726000 	 1.495750 	 
25.500000 	 1.562000 	 1.644000 	 
25.600000 	 2.177500 	 1.869750 	 
25.700001 	 1.757800 	 1.967650 	 
25.799999 	 4.366800 	 3.062300 	 
25.900000 	 2.438900 	 3.402850 	 
26.000000 	 3.426800 	 2.932850 	 
26.100000 	 3.461700 	 3.444250 	 
26.200001 	 5.973900 	 4.717800 	 
26.299999 	 5.484900 	 5.729400 	 
26.400000 	 4.517600 	 5.001250 	 
26.500000 	 4.864200 	 4.690900 	 
26.600000 	 5.376500 	 5.120350 	 
26.700001 	 4.497100 	 4.936800 	 
26.799999 	 4.203600 	 4.350350 	 
26.900000 	 5.755200 	 4.979400 	 
27.000000 	 5.261200 	 5.508200 	 
27.100000 	 5.065600 	 5.163400 	 
27.200001 	 5.652400 	 5.359000 	 
27.299999 	 3.045200 	 4.348800 	 
27.400000 	 4.425700 	 3.735450 	 
27.500000 	 4.655800 	 4.540750 	 
27.600000 	 4.584100 	 4.619950 	 
27.700001 	 2.878200 	 3.731150 	 
27.799999 	 2.190500 	 2.534350 	 
27.900000 	 2.569600 	 2.380050 	 
28.000000 	 0.588540 	 1.579070 	 
28.100000 	 -1.431100 	 -0.421280 	 
28.200001 	 0.795160 	 -0.317970 	 
28.299999 	 -0.538330 	 0.128415 	 
28.400000 	 -0.909520 	 -0.723925 	 
28.500000 	 -1.296100 	 -1.102810 	 
28.600000 	 -1.426700 	 -1.361400 	 
28.700001 	 -1.578500 	 -1.502600 	 
28.799999 	 -3.537400 	 -2.557950 	 
28.900000 	 -3.253900 	 -3.395650 	 
29.000000 	 -4.216000 	 -3.734950 	 
29.100000 	 -3.590600 	 -3.903300 	 
29.200001 	 -5.064900 	 -4.327750 	 
29.299999 	 -5.393400 	 -5.229150 	 
29.400000 	 -4.967500 	 -5.180450 	 
29.500000 	 -4.693400 	 -4.830450 	 
29.600000 	 -5.802100 	 -5.247750 	 
29.700001 	 -5.118000 	 -5.460050 	 
29.799999 	 -5.471100 	 -5.294550 	 
29.900000 	 -4.251400 	 -4.861250 	 
30.000000 	 -4.278300 	 -4.264850 	 
30.100000 	 -3.594600 	 -3.936450 	 
30.200001 	 -6.298000 	 -4.946300 	 
30.299999 	 -5.916200 	 -6.107100 	 
30.400000 	 -2.286300 	 -4.101250 	 
30.500000 	 -4.598000 	 -3.442150 	 
30.600000 	 -3.551500 	 -4.074750 	 
30.700001 	 -2.654000 	 -3.102750 	 
30.799999 	 -2.971600 	 -2.812800 	 
30.900000 	 -3.955900 	 -3.463750 	 
31.000000 	 -2.091200 	 -3.023550 	 
31.100000 	 -2.045300 	 -2.068250 	 
31.200001 	 0.880040 	 -0.582630 	 
31.299999 	 1.060700 	 0.970370 	 
31.400000 	 0.260180 	 0.660440 	 
31.500000 	 -0.185890 	 0.037145 	 
31.600000 	 1.018100 	 0.416105 	 
31.700001 	 1.641300 	 1.329700 	 
31.799999 	 0.792500 	 1.216900 	 
31.900000 	 3.258500 	 2.025500 	 
32.000000 	 2.586000 	 2.922250 	 
32.099998 	 1.740300 	 2.163150 	 
32.200001 	 2.532500 	 2.136400 	 
32.299999 	 4.984300 	 3.758400 	 
32.400002 	 4.082700 	 4.533500 	 
32.500000 	 5.866900 	 4.974800 	 
32.599998 	 4.171200 	 5.019050 	 
32.700001 	 4.880500 	 4.525850 	 
32.799999 	 2.820400 	 3.850450 	 
32.900002 	 5.251300 	 4.035850 	 
33.000000 	 3.281700 	 4.266500 	 
33.099998 	 3.913400 	 3.597550 	 
33.200001 	 5.246100 	 4.579750 	 
33.299999 	 6.405900 	 5.826000 	 
33.400002 	 4.421000 	 5.413450 	 
33.500000 	 4.353800 	 4.387400 	 
33.599998 	 5.288100 	 4.820950 	 
33.700001 	 3.944200 	 4.616150 	 
33.799999 	 3.335400 	 3.639800 	 
33.900002 	 2.905500 	 3.120450 	 
34.000000 	 1.935200 	 2.420350 	 
34.099998 	 2.664700 	 2.299950 	 
34.200001 	 1.498200 	 2.081450 	 
34.299999 	 1.391000 	 1.444600 	 
34.400002 	 2.340500 	 1.865750 	 
34.500000 	 -0.584690 	 0.877905 	 
34.599998 	 -0.767400 	 -0.676045 	 
34.700001 	 -0.272310 	 -0.519855 	 
34.799999 	 -0.782430 	 -0.527370 	 
34.900002 	 -1.428200 	 -1.105315 	 
35.000000 	 -0.358660 	 -0.893430 	 
35.099998 	 -3.522500 	 -1.940580 	 
35.200001 	 -3.232200 	 -3.377350 	 
35.299999 	 -3.976500 	 -3.604350 	 
35.400002 	 -4.550900 	 -4.263700 	 
35.500000 	 -4.428100 	 -4.489500 	 
35.599998 	 -2.427000 	 -3.427550 	 
35.700001 	 -5.308500 	 -3.867750 	 
35.799999 	 -4.304400 	 -4.806450 	 
35.900002 	 -6.140200 	 -5.222300 	 
36.000000 	 -5.826900 	 -5.983550 	 
36.099998 	 -4.102300 	 -4.964600 	 
36.200001 	 -5.542500 	 -4.822400 	 
36.299999 	 -5.246900 	 -5.394700 	 
36.400002 	 -5.402200 	 -5.324550 	 
36.500000 	 -3.536500 	 -4.469350 	 
36.599998 	 -6.227300 	 -4.881900 	 
36.700001 	 -3.982500 	 -5.104900 	 
36.799999 	 -4.584500 	 -4.283500 	 
36.900002 	 -3.095000 	 -3.839750 	 
37.000000 	 -4.845900 	 -3.970450 	 
37.099998 	 -1.021800 	 -2.933850 	 
37.200001 	 -2.802500 	 -1.912150 	 
37.299999 	 0.096356 	 -1.353072 	 
37.400002 	 -2.145500 	 -1.024572 	 
37.500000 	 -1.938400 	 -2.041950 	 
37.599998 	 -0.193530 	 -1.065965 	 
37.700001 	 -0.998040 	 -0.595785 	 
37.799999 	 0.806130 	 -0.095955 	 
37.900002 	 1.439800 	 1.122965 	 
38.000000 	 1.905400 	 1.672600 	 
38.099998 	 2.050600 	 1.978000 	 
38.200001 	 2.357100 	 2.203850 	 
38.299999 	 2.070500 	 2.213800 	 
38.400002 	 2.562200 	 2.316350 	 
38.500000 	 5.209100 	 3.885650 	 
38.599998 	 1.809700 	 3.509400 	 
38.700001 	 3.226600 	 2.518150 	 
38.799999 	 4.766800 	 3.996700 	 
38.900002 	 5.109400 	 4.938100 	 
39.000000 	 4.316200 	 4.712800 	 
39.099998 	 5.212300 	 4.764250 	 
39.200001 	 4.707700 	 4.960000 	 
39.299999 	 5.924500 	 5.316100 	 
39.400002 	 5.360900 	 5.642700 	 
39.500000 	 4.358500 	 4.859700 	 
39.599998 	 2.465800 	 3.412150 	 
39.700001 	 4.958200 	 3.712000 	 
39.799999 	 6.371000 	 5.664600 	 
39.900002 	 4.537400 	 5.454200 	 
40.000000 	 3.426300 	 3.981850 	 
40.099998 	 5.014600 	 4.220450 	 
40.200001 	 3.123500 	 4.069050 	 
40.299999 	 4.298100 	 3.710800 	 
40.400002 	 2.412200 	 3.355150 	 
40.500000 	 2.349100 	 2.380650 	 
40.599998 	 2.845300 	 2.597200 	 
40.700001 	 1.477000 	 2.161150 	 
40.799999 	 2.668300 	 2.072650 	 
40.900002 	 -1.522100 	 0.573100 	 
41.000000 	 -2.053200 	 -1.787650 	 
41.099998 	 -0.070222 	 -1.061711 	 
41.200001 	 -2.246400 	 -1.158311 	 
41.299999 	 -2.163100 	 -2.204750 	 
41.400002 	 -1.677600 	 -1.920350 	 
41.500000 	 -2.772800 	 -2.225200 	 
41.599998 	 -3.516100 	 -3.144450 	 
41.700001 	 -3.350800 	 -3.433450 	 
41.799999 	 -5.098600 	 -4.224700 	 
41.900002 	 -4.407900 	 -4.753250 	 
42.000000 	 -3.330700 	 -3.869300 	 
42.099998 	 -4.417200 	 -3.873950 	 
42.200001 	 -2.201000 	 -3.309100 	 
42.299999 	 -3.757800 	 -2.979400 	 
42.400002 	 -3.252100 	 -3.504950 	 
42.500000 	 -4.758000 	 -4.005050 	 
42.599998 	 -6.140100 	 -5.449050 	 
42.700001 	 -5.463700 	 -5.801900 	 
42.799999 	 -3.110200 	 -4.286950 	 
42.900002 	 -5.414800 	 -4.262500 	 
43.000000 	 -3.266100 	 -4.340450 	 
43.099998 	 -3.246500 	 -3.256300 	 
43.200001 	 -4.514300 	 -3.880400 	 
43.299999 	 -2.179600 	 -3.346950 	 
43.400002 	 -3.958600 	 -3.069100 	 
43.500000 	 -2.138300 	 -3.048450 	 
43.599998 	 -2.749100 	 -2.443700 	 
43.700001 	 -1.116700 	 -1.932900 	 
43.799999 	 -1.025600 	 -1.071150 	 
43.900002 	 -1.887800 	 -1.456700 	 
44.000000 	 1.155200 	 -0.366300 	 
44.099998 	 1.680300 	 1.417750 	 
44.200001 	 1.506300 	 1.593300 	 
44.299999 	 1.233700 	 1.370000 	 
44.400002 	 0.136830 	 0.685265 	 
44.500000 	 1.605100 	 0.870965 	 
44.599998 	 3.196200 	 2.400650 	 
44.700001 	 3.416700 	 3.306450 	 
44.799999 	 3.604900 	 3.510800 	 
44.900002 	 4.119500 	 3.862200 	 
45.000000 	 5.419500 	 4.769500 	 
45.099998 	 5.455600 	 5.437550 	 
45.200001 	 3.060100 	 4.257850 	 
45.299999 	 4.843800 	 3.951950 	 
45.400002 	 2.917700 	 3.880750 	 
45.500000 	 6.998300 	 4.958000 	 
45.599998 	 6.572800 	 6.785550 	 
45.700001 	 6.206300 	 6.389550 	 
45.799999 	 5.146700 	 5.676500 	 
45.900002 	 5.431000 	 5.288850 	 
46.000000 	 4.152700 	 4.791850 	 
46.099998 	 5.278300 	 4.715500 	 
46.200001 	 3.616600 	 4.447450 	 
46.299999 	 2.098800 	 2.857700 	 
46.400002 	 4.218100 	 3.158450 	 
46.500000 	 4.539100 	 4.378600 	 
46.599998 	 3.073300 	 3.806200 	 
46.700001 	 -0.623910 	 1.224695 	 
46.799999 	 2.537900 	 0.956995 	 
46.900002 	 3.403800 	 2.970850 	 
47.000000 	 -1.448200 	 0.977800 	 
47.099998 	 1.686400 	 0.119100 	 
47.200001 	 0.706670 	 1.196535 	 
47.299999 	 -1.846800 	 -0.570065 	 
47.400002 	 -1.980900 	 -1.913850 	 
47.500000 	 -4.159000 	 -3.069950 	 
47.599998 	 0.177950 	 -1.990525 	 
47.700001 	 -3.879000 	 -1.850525 	 
47.799999 	 -3.103800 	 -3.491400 	 
47.900002 	 -3.874200 	 -3.489000 	 
48.000000 	 -3.550600 	 -3.712400 	 
48.099998 	 -4.070400 	 -3.810500 	 
48.200001 	 -5.806000 	 -4.938200 	 
48.299999 	 -4.623400 	 -5.214700 	 
48.400002 	 -4.783800 	 -4.703600 	 
48.500000 	 -5.284000 	 -5.033900 	 
48.599998 	 -4.682700 	 -4.983350 	 
48.700001 	 -5.743000 	 -5.212850 	 
48.799999 	 -6.175400 	 -5.959200 	 
48.900002 	 -5.236100 	 -5.705750 	 
49.000000 	 -5.426100 	 -5.331100 	 
49.099998 	 -5.895000 	 -5.660550 	 
49.200001 	 -3.661000 	 -4.778000 	 
49.299999 	 -4.440100 	 -4.050550 	 
49.400002 	 -3.314700 	 -3.877400 	 
49.500000 	 -3.814100 	 -3.564400 	 
49.599998 	 -2.666900 	 -3.240500 	 
49.700001 	 -2.050600 	 -2.358750 	 
49.799999 	 -2.188400 	 -2.119500 	 
49.900002 	 -3.015100 	 -2.601750 	 
50.000000 	 -1.614000 	 -2.314550 	 
50.099998 	 -1.843200 	 -1.728600 	 
50.200001 	 0.159280 	 -0.841960 	 
50.299999 	 -0.242080 	 -0.041400 	 
50.400002 	 -0.053134 	 -0.147607 	 
50.500000 	 1.749300 	 0.848083 	 
50.599998 	 2.564600 	 2.156950 	 
50.700001 	 0.939790 	 1.752195 	 
50.799999 	 2.526100 	 1.732945 	 
50.900002 	 3.494200 	 3.010150 	 
51.000000 	 3.273900 	 3.384050 	 
51.099998 	 5.560500 	 4.417200 	 
51.200001 	 3.753200 	 4.656850 	 
51.299999 	 4.900100 	 4.326650 	 
51.400002 	 3.320900 	 4.110500 	 
51.500000 	 4.022100 	 3.671500 	 
51.599998 	 5.300500 	 4.661300 	 
51.700001 	 5.609800 	 5.455150 	 
51.799999 	 5.291000 	 5.450400 	 
51.900002 	 7.161600 	 6.226300 	 
52.000000 	 4.427400 	 5.794500 	 
52.099998 	 4.261700 	 4.344550 	 
52.200001 	 5.706500 	 4.984100 	 
52.299999 	 3.651000 	 4.678750 	 
52.400002 	 6.442900 	 5.046950 	 
52.500000 	 3.380300 	 4.911600 	 
52.599998 	 3.305600 	 3.342950 	 
52.700001 	 4.376900 	 3.841250 	 
52.799999 	 2.068300 	 3.222600 	 
52.900002 	 3.365200 	 2.716750 	 
53.000000 	 2.771700 	 3.068450 	 
53.099998 	 0.436810 	 1.604255 	 
53.200001 	 1.862000 	 1.149405 	 
53.299999 	 0.876110 	 1.369055 	 
53.400002 	 -0.520490 	 0.177810 	 
53.500000 	 -1.094600 	 -0.807545 	 
53.599998 	 -0.939620 	 -1.017110 	 
53.700001 	 -1.200400 	 -1.070010 	 
53.799999 	 -2.741000 	 -1.970700 	 
53.900002 	 -2.050100 	 -2.395550 	 
54.000000 	 -2.917100 	 -2.483600 	 
54.099998 	 -4.033400 	 -3.475250 	 
54.200001 	 -4.579800 	 -4.306600 	 
54.299999 	 -4.457900 	 -4.518850 	 
54.400002 	 -4.993100 	 -4.725500 	 
54.500000 	 -3.367400 	 -4.180250 	 
54.599998 	 -5.783900 	 -4.575650 	 
54.700001 	 -4.675000 	 -5.229450 	 
54.799999 	 -4.400600 	 -4.537800 	 
54.900002 	 -5.953700 	 -5.177150 	 
55.000000 	 -4.630100 	 -5.291900 	 
55.099998 	 -5.445900 	 -5.038000 	 
55.200001 	 -5.760100 	 -5.603000 	 
55.299999 	 -6.203500 	 -5.981800 	 
55.400002 	 -5.510700 	 -5.857100 	 
55.500000 	 -2.618300 	 -4.064500 	 
55.599998 	 -5.634200 	 -4.126250 	 
55.700001 	 -4.405100 	 -5.019650 	 
55.799999 	 -4.558200 	 -4.481650 	 
55.900002 	 -2.259300 	 -3.408750 	 
56.000000 	 -3.525800 	 -2.892550 	 
56.099998 	 -2.612500 	 -3.069150 	 
56.200001 	 -0.985540 	 -1.799020 	 
56.299999 	 -0.299350 	 -0.642445 	 
56.400002 	 -1.833400 	 -1.066375 	 
56.500000 	 -0.434990 	 -1.134195 	 
56.599998 	 0.634830 	 0.099920 	 
56.700001 	 0.743020 	 0.688925 	 
56.799999 	 3.112300 	 1.927660 	 
56.900002 	 3.015700 	 3.064000 	 
57.000000 	 3.513900 	 3.264800 	 
57.099998 	 0.565100 	 2.039500 	 
57.200001 	 2.679600 	 1.622350 	 
57.299999 	 3.173500 	 2.926550 	 
57.400002 	 2.674100 	 2.923800 	 
57.500000 	 3.280600 	 2.977350 	 
57.599998 	 5.065900 	 4.173250 	 
57.700001 	 3.169400 	 4.117650 	 
57.799999 	 5.917500 	 4.543450 	 
57.900002 	 6.543400 	 6.230450 	 
58.000000 	 4.977600 	 5.760500 	 
58.099998 	 6.797000 	 5.887300 	 
58.200001 	 6.590800 	 6.693900 	 
58.299999 	 4.997500 	 5.794150 	 
58.400002 	 4.404400 	 4.700950 	 
58.500000 	 5.494400 	 4.949400 	 
58.599998 	 3.769300 	 4.631850 	 
58.700001 	 4.004500 	 3.886900 	 
58.799999 	 5.086800 	 4.545650 	 
58.900002 	 2.542100 	 3.814450 	 
59.000000 	 2.486300 	 2.514200 	 
59.099998 	 3.660700 	 3.073500 	 
59.200001 	 0.516360 	 2.088530 	 
59.299999 	 2.832900 	 1.674630 	 
59.400002 	 1.335700 	 2.084300 	 
59.500000 	 0.797680 	 1.066690 	 
59.599998 	 0.296810 	 0.547245 	 
59.700001 	 -0.436420 	 -0.069805 	 
59.799999 	 -0.603280 	 -0.519850 	 
59.900002 	 -1.503700 	 -1.053490 	 
60.000000 	 -2.312800 	 -1.908250 	 
60.099998 	 -0.982290 	 -1.647545 	 
60.200001 	 -2.443100 	 -1.712695 	 
60.299999 	 -2.406300 	 -2.424700 	 
60.400002 	 -2.693200 	 -2.549750 	 
60.500000 	 -3.793500 	 -3.243350 	 
60.599998 	 -4.305600 	 -4.049550 	 
60.700001 	 -3.802500 	 -4.054050 	 
60.799999 	 -4.781100 	 -4.291800 	 
60.900002 	 -4.159000 	 -4.470050 	 
61.000000 	 -5.919800 	 -5.039400 	 
61.099998 	 -4.906200 	 -5.413000 	 
61.200001 	 -4.871400 	 -4.888800 	 
61.299999 	 -3.616800 	 -4.244100 	 
61.400002 	 -3.203700 	 -3.410250 	 
61.500000 	 -5.084500 	 -4.144100 	 
61.599998 	 -5.387500 	 -5.236000 	 
61.700001 	 -5.571400 	 -5.479450 	 
61.799999 	 -4.866400 	 -5.218900 	 
61.900002 	 -4.011100 	 -4.438750 	 
62.000000 	 -4.942300 	 -4.476700 	 
62.099998 	 -3.818400 	 -4.380350 	 
62.200001 	 -2.402000 	 -3.110200 	 
62.299999 	 -1.110800 	 -1.756400 	 
62.400002 	 -1.110800 	 -1.110800 	 
62.500000 	 -2.263800 	 -1.687300 	 
62.599998 	 -3.148000 	 -2.705900 	 
62.700001 	 -1.055600 	 -2.101800 	 
62.799999 	 0.190050 	 -0.432775 	 
62.900002 	 0.390590 	 0.290320 	 
63.000000 	 0.231620 	 0.311105 	 
63.099998 	 0.761610 	 0.496615 	 
63.200001 	 2.242500 	 1.502055 	 
63.299999 	 3.641100 	 2.941800 	 
63.400002 	 3.317100 	 3.479100 	 
63.500000 	 0.907120 	 2.112110 	 
63.599998 	 2.632800 	 1.769960 	 
63.700001 	 2.737700 	 2.685250 	 
63.799999 	 3.211500 	 2.974600 	 
63.900002 	 5.767300 	 4.489400 	 
64.000000 	 4.963100 	 5.365200 	 
64.099998 	 4.796700 	 4.879900 	 
64.199997 	 4.778300 	 4.787500 	 
64.300003 	 3.073700 	 3.926000 	 
64.400002 	 4.705400 	 3.889550 	 
64.500000 	 4.366400 	 4.535900 	 
64.599998 	 4.739400 	 4.552900 	 
64.699997 	 3.984400 	 4.361900 	 
64.800003 	 5.272500 	 4.628450 	 
64.900002 	 4.067500 	 4.670000 	 
65.000000 	 4.385600 	 4.226550 	 
65.099998 	 4.411200 	 4.398400 	 
65.199997 	 3.525800 	 3.968500 	 
65.300003 	 3.148900 	 3.337350 	 
65.400002 	 3.625100 	 3.387000 	 
65.500000 	 3.209100 	 3.417100 	 
65.599998 	 0.559750 	 1.884425 	 
65.699997 	 0.078394 	 0.319072 	 
65.800003 	 2.222000 	 1.150197 	 
65.900002 	 0.089518 	 1.155759 	 
66.000000 	 0.034930 	 0.062224 	 
66.099998 	 -0.401010 	 -0.183040 	 
66.199997 	 -1.366000 	 -0.883505 	 
66.300003 	 -1.472700 	 -1.419350 	 
66.400002 	 -2.460600 	 -1.966650 	 
66.500000 	 -1.434700 	 -1.947650 	 
66.599998 	 -2.361800 	 -1.898250 	 
66.699997 	 -4.079700 	 -3.220750 	 
66.800003 	 -3.014500 	 -3.547100 	 
66.900002 	 -5.309500 	 -4.162000 	 
67.000000 	 -5.443600 	 -5.376550 	 
67.099998 	 -5.716500 	 -5.580050 	 
67.199997 	 -4.912700 	 -5.314600 	 
67.300003 	 -4.352400 	 -4.632550 	 
67.400002 	 -4.022700 	 -4.187550 	 
67.500000 	 -5.569200 	 -4.795950 	 
67.599998 	 -5.797500 	 -5.683350 	 
67.699997 	 -4.765000 	 -5.281250 	 
67.800003 	 -4.197200 	 -4.481100 	 
67.900002 	 -5.825400 	 -5.011300 	 
68.000000 	 -4.903200 	 -5.364300 	 
68.099998 	 -4.166100 	 -4.534650 	 
68.199997 	 -4.407500 	 -4.286800 	 
68.300003 	 -3.875100 	 -4.141300 	 
68.400002 	 -3.800900 	 -3.838000 	 
68.500000 	 -1.248200 	 -2.524550 	 
68.599998 	 -4.281400 	 -2.764800 	 
68.699997 	 -1.913700 	 -3.097550 	 
68.800003 	 0.230240 	 -0.841730 	 
68.900002 	 -1.417000 	 -0.593380 	 
69.000000 	 -0.368560 	 -0.892780 	 
69.099998 	 -2.096200 	 -1.232380 	 
69.199997 	 -1.199300 	 -1.647750 	 
69.300003 	 -0.554430 	 -0.876865 	 
69.400002 	 2.972500 	 1.209035 	 
69.500000 	 2.650200 	 2.811350 	 
69.599998 	 1.808000 	 2.229100 	 
69.699997 	 3.021300 	 2.414650 	 
69.800003 	 5.066300 	 4.043800 	 
69.900002 	 2.668600 	 3.867450 	 
70.000000 	 4.347100 	 3.507850 	 
70.099998 	 4.979800 	 4.663450 	 
70.199997 	 3.195800 	 4.087800 	 
70.300003 	 3.406900 	 3.301350 	 
70.400002 	 5.142300 	 4.274600 	 
70.500000 	 5.521200 	 5.331750 	 
70.599998 	 3.551700 	 4.536450 	 
70.699997 	 6.073700 	 4.812700 	 
70.800003 	 4.542900 	 5.308300 	 
70.900002 	 3.047700 	 3.795300 	 
71.000000 	 4.981200 	 4.014450 	 
71.099998 	 5.870900 	 5.426050 	 
71.199997 	 4.088600 	 4.979750 	 
71.300003 	 5.491900 	 4.790250 	 
71.400002 	 4.528900 	 5.010400 	 
71.500000 	 2.075200 	 3.302050 	 
71.599998 	 2.205700 	 2.140450 	 
71.699997 	 2.596200 	 2.400950 	 
71.800003 	 3.399500 	 2.997850 	 
71.900002 	 2.255900 	 2.827700 	 
72.000000 	 -0.128440 	 1.063730 	 
72.099998 	 2.159600 	 1.015580 	 
72.199997 	 0.475710 	 1.317655 	 
72.300003 	 0.649860 	 0.562785 	 
72.400002 	 -1.300100 	 -0.325120 	 
72.500000 	 -2.217400 	 -1.758750 	 
72.599998 	 -2.657500 	 -2.437450 	 
72.699997 	 -1.057900 	 -1.857700 	 
72.800003 	 -4.614100 	 -2.836000 	 
72.900002 	 -2.976000 	 -3.795050 	 
73.000000 	 -3.964500 	 -3.470250 	 
73.099998 	 -4.183600 	 -4.074050 	 
73.199997 	 -4.621700 	 -4.402650 	 
73.300003 	 -4.599100 	 -4.610400 	 
73.400002 	 -4.307500 	 -4.453300 	 
73.500000 	 -5.451500 	 -4.879500 	 
73.599998 	 -5.811300 	 -5.631400 	 
73.699997 	 -6.448500 	 -6.129900 	 
73.800003 	 -6.073200 	 -6.260850 	 
73.900002 	 -3.645100 	 -4.859150 	 
74.000000 	 -5.376100 	 -4.510600 	 
74.099998 	 -6.401600 	 -5.888850 	 
74.199997 	 -5.542800 	 -5.972200 	 
74.300003 	 -4.146200 	 -4.844500 	 
74.400002 	 -4.315100 	 -4.230650 	 
74.500000 	 -3.844100 	 -4.079600 	 
74.599998 	 -3.933000 	 -3.888550 	 
74.699997 	 -1.884300 	 -2.908650 	 
74.800003 	 -3.529000 	 -2.706650 	 
74.900002 	 -3.189400 	 -3.359200 	 
75.000000 	 -3.794000 	 -3.491700 	 
75.099998 	 -1.624400 	 -2.709200 	 
75.199997 	 -1.320700 	 -1.472550 	 
75.300003 	 0.050078 	 -0.635311 	 
75.400002 	 -0.547640 	 -0.248781 	 
75.500000 	 -0.654610 	 -0.601125 	 
75.599998 	 -0.971270 	 -0.812940 	 
75.699997 	 4.337900 	 1.683315 	 
75.800003 	 2.337000 	 3.337450 	 
75.900002 	 4.453000 	 3.395000 	 
76.000000 	 3.241300 	 3.847150 	 
76.099998 	 1.763300 	 2.502300 	 
76.199997 	 4.588400 	 3.175850 	 
76.300003 	 3.501500 	 4.044950 	 
76.400002 	 5.428100 	 4.464800 	 
76.500000 	 5.489900 	 5.459000 	 
76.599998 	 5.330700 	 5.410300 	 
76.699997 	 5.172300 	 5.251500 	 
76.800003 	 4.724600 	 4.948450 	 
76.900002 	 6.824100 	 5.774350 	 
77.000000 	 4.864800 	 5.844450 	 
77.099998 	 3.735000 	 4.299900 	 
77.199997 	 3.603200 	 3.669100 	 
77.300003 	 4.873500 	 4.238350 	 
77.400002 	 3.722700 	 4.298100 	 
77.500000 	 2.700200 	 3.211450 	 
77.599998 	 3.699600 	 3.199900 	 
77.699997 	 4.363100 	 4.031350 	 
77.800003 	 4.335000 	 4.349050 	 
77.900002 	 2.905700 	 3.620350 	 
78.000000 	 1.840000 	 2.372850 	 
78.099998 	 1.631900 	 1.735950 	 
78.199997 	 0.183940 	 0.907920 	 
78.300003 	 1.407500 	 0.795720 	 
78.400002 	 -0.074548 	 0.666476 	 
78.500000 	 -0.438100 	 -0.256324 	 
78.599998 	 -0.776150 	 -0.607125 	 
78.699997 	 -1.071200 	 -0.923675 	 
78.800003 	 -0.914850 	 -0.993025 	 
78.900002 	 -1.814400 	 -1.364625 	 
79.000000 	 -1.001400 	 -1.407900 	 
79.099998 	 -3.046000 	 -2.023700 	 
79.199997 	 -2.519100 	 -2.782550 	 
79.300003 	 -4.570400 	 -3.544750 	 
79.400002 	 -4.992500 	 -4.781450 	 
79.500000 	 -6.009600 	 -5.501050 	 
79.599998 	 -4.897700 	 -5.453650 	 
79.699997 	 -4.641200 	 -4.769450 	 
79.800003 	 -5.017700 	 -4.829450 	 
79.900002 	 -4.536400 	 -4.777050 	 
80.000000 	 -4.694100 	 -4.615250 	 
80.099998 	 -6.068100 	 -5.381100 	 
80.199997 	 -3.369700 	 -4.718900 	 
80.300003 	 -3.836700 	 -3.603200 	 
80.400002 	 -4.085200 	 -3.960950 	 
80.500000 	 -5.003200 	 -4.544200 	 
80.599998 	 -2.967800 	 -3.985500 	 
80.699997 	 -3.478500 	 -3.223150 	 
80.800003 	 -2.696700 	 -3.087600 	 
80.900002 	 -4.269700 	 -3.483200 	 
81.000000 	 -1.937900 	 -3.103800 	 
81.099998 	 -2.939100 	 -2.438500 	 
81.199997 	 -3.030800 	 -2.984950 	 
81.300003 	 -2.871500 	 -2.951150 	 
81.400002 	 -2.111300 	 -2.491400 	 
81.500000 	 -2.510300 	 -2.310800 	 
81.599998 	 -1.014500 	 -1.762400 	 
81.699997 	 -0.866830 	 -0.940665 	 
81.800003 	 1.488700 	 0.310935 	 
81.900002 	 2.608100 	 2.048400 	 
82.000000 	 1.036800 	 1.822450 	 
82.099998 	 1.894600 	 1.465700 	 
82.199997 	 1.544900 	 1.719750 	 
82.300003 	 3.936700 	 2.740800 	 
82.400002 	 1.925500 	 2.931100 	 
82.500000 	 5.023300 	 3.474400 	 
82.599998 	 4.620000 	 4.821650 	 
82.699997 	 2.348100 	 3.484050 	 
82.800003 	 3.948100 	 3.148100 	 
82.900002 	 4.285300 	 4.116700 	 
83.000000 	 5.366900 	 4.826100 	 
83.099998 	 6.181500 	 5.774200 	 
83.199997 	 4.924900 	 5.553200 	 
83.300003 	 4.421400 	 4.673150 	 
83.400002 	 2.351800 	 3.386600 	 
83.500000 	 4.235200 	 3.293500 	 
83.599998 	 5.816300 	 5.025750 	 
83.699997 	 3.769000 	 4.792650 	 
83.800003 	 4.856200 	 4.312600 	 
83.900002 	 4.367000 	 4.611600 	 
84.000000 	 2.128800 	 3.247900 	 
84.099998 	 3.069000 	 2.598900 	 
84.199997 	 3.760300 	 3.414650 	 
84.300003 	 2.979200 	 3.369750 	 
84.400002 	 2.690800 	 2.835000 	 
84.500000 	 1.637500 	 2.164150 	 
84.599998 	 0.172690 	 0.905095 	 
84.699997 	 1.085900 	 0.629295 	 
84.800003 	 0.300220 	 0.693060 	 
84.900002 	 -0.667090 	 -0.183435 	 
85.000000 	 -2.420600 	 -1.543845 	 
85.099998 	 -1.343600 	 -1.882100 	 
85.199997 	 -2.695900 	 -2.019750 	 
85.300003 	 -0.676880 	 -1.686390 	 
85.400002 	 -2.270300 	 -1.473590 	 
85.500000 	 -1.324300 	 -1.797300 	 
85.599998 	 -3.399400 	 -2.361850 	 
85.699997 	 -4.128900 	 -3.764150 	 
85.800003 	 -4.730700 	 -4.429800 	 
85.900002 	 -4.978700 	 -4.854700 	 
86.000000 	 -5.013500 	 -4.996100 	 
86.099998 	 -3.387400 	 -4.200450 	 
86.199997 	 -6.059900 	 -4.723650 	 
86.300003 	 -4.257200 	 -5.158550 	 
86.400002 	 -5.109000 	 -4.683100 	 
86.500000 	 -3.479100 	 -4.294050 	 
86.599998 	 -6.258300 	 -4.868700 	 
86.699997 	 -4.457400 	 -5.357850 	 
86.800003 	 -5.618900 	 -5.038150 	 
86.900002 	 -4.903500 	 -5.261200 	 
87.000000 	 -4.141300 	 -4.522400 	 
87.099998 	 -4.300500 	 -4.220900 	 
87.199997 	 -3.096500 	 -3.698500 	 
87.300003 	 -3.067800 	 -3.082150 	 
87.400002 	 -2.351200 	 -2.709500 	 
87.500000 	 -3.695100 	 -3.023150 	 
87.599998 	 -2.135800 	 -2.915450 	 
87.699997 	 -1.830700 	 -1.983250 	 
87.800003 	 -0.853410 	 -1.342055 	 
87.900002 	 -0.388390 	 -0.620900 	 
88.000000 	 0.987570 	 0.299590 	 
88.099998 	 0.795850 	 0.891710 	 
88.199997 	 2.379100 	 1.587475 	 
88.300003 	 2.802400 	 2.590750 	 
88.400002 	 0.693390 	 1.747895 	 
88.500000 	 1.389400 	 1.041395 	 
88.599998 	 2.151000 	 1.770200 	 
88.699997 	 3.529100 	 2.840050 	 
88.800003 	 2.499100 	 3.014100 	 
88.900002 	 4.259000 	 3.379050 	 
89.000000 	 4.690300 	 4.474650 	 
89.099998 	 4.385800 	 4.538050 	 
89.199997 	 4.300700 	 4.343250 	 
89.300003 	 6.514300 	 5.407500 	 
89.400002 	 4.676800 	 5.595550 	 
89.500000 	 5.703300 	 5.190050 	 
89.599998 	 4.446200 	 5.074750 	 
89.699997 	 6.140700 	 5.293450 	 
89.800003 	 2.916200 	 4.528450 	 
89.900002 	 4.160500 	 3.538350 	 
90.000000 	 4.473500 	 4.317000 	 
90.099998 	 2.231300 	 3.352400 	 
90.199997 	 7.027500 	 4.629400 	 
90.300003 	 3.388100 	 5.207800 	 
90.400002 	 5.461300 	 4.424700 	 
90.500000 	 3.501500 	 4.481400 	 
90.599998 	 2.319700 	 2.910600 	 
90.699997 	 0.495550 	 1.407625 	 
90.800003 	 0.976080 	 0.735815 	 
90.900002 	 1.263600 	 1.119840 	 
91.000000 	 -1.498400 	 -0.117400 	 
91.099998 	 -0.538100 	 -1.018250 	 
91.199997 	 0.115750 	 -0.211175 	 
91.300003 	 -0.178740 	 -0.031495 	 
91.400002 	 -1.571200 	 -0.874970 	 
91.500000 	 -3.135000 	 -2.353100 	 
91.599998 	 -3.705200 	 -3.420100 	 
91.699997 	 -2.747100 	 -3.226150 	 
91.800003 	 -3.043600 	 -2.895350 	 
91.900002 	 -1.778200 	 -2.410900 	 
92.000000 	 -3.443700 	 -2.610950 	 
92.099998 	 -4.152900 	 -3.798300 	 
92.199997 	 -4.335300 	 -4.244100 	 
92.300003 	 -4.902000 	 -4.618650 	 
92.400002 	 -5.438100 	 -5.170050 	 
92.500000 	 -3.981900 	 -4.710000 	 
92.599998 	 -5.165600 	 -4.573750 	 
92.699997 	 -4.742600 	 -4.954100 	 
92.800003 	 -4.628700 	 -4.685650 	 
92.900002 	 -5.752900 	 -5.190800 	 
93.000000 	 -5.759900 	 -5.756400 	 
93.099998 	 -5.106000 	 -5.432950 	 
93.199997 	 -6.506200 	 -5.806100 	 
93.300003 	 -3.469100 	 -4.987650 	 
93.400002 	 -2.955800 	 -3.212450 	 
93.500000 	 -2.066300 	 -2.511050 	 
93.599998 	 -4.611600 	 -3.338950 	 
93.699997 	 -1.435400 	 -3.023500 	 
93.800003 	 -3.647100 	 -2.541250 	 
93.900002 	 -2.353600 	 -3.000350 	 
94.000000 	 -1.446900 	 -1.900250 	 
94.099998 	 -2.435700 	 -1.941300 	 
94.199997 	 0.287740 	 -1.073980 	 
94.300003 	 0.264590 	 0.276165 	 
94.400002 	 0.669330 	 0.466960 	 
94.500000 	 -0.243650 	 0.212840 	 
94.599998 	 2.216200 	 0.986275 	 
94.699997 	 1.766600 	 1.991400 	 
94.800003 	 4.083600 	 2.925100 	 
94.900002 	 4.420600 	 4.252100 	 
95.000000 	 3.288000 	 3.854300 	 
95.099998 	 3.949700 	 3.618850 	 
95.199997 	 5.260800 	 4.605250 	 
95.300003 	 5.666800 	 5.463800 	 
95.400002 	 4.671000 	 5.168900 	 
95.500000 	 7.080600 	 5.875800 	 
95.599998 	 5.715200 	 6.397900 	 
95.699997 	 6.267800 	 5.991500 	 
95.800003 	 4.537400 	 5.402600 	 
95.900002 	 3.550700 	 4.044050 	 
96.000000 	 5.998100 	 4.774400 	 
96.099998 	 5.415900 	 5.707000 	 
96.199997 	 5.356500 	 5.386200 	 
96.300003 	 3.609300 	 4.482900 	 
96.400002 	 3.567100 	 3.588200 	 
96.500000 	 4.985200 	 4.276150 	 
96.599998 	 3.139200 	 4.062200 	 
96.699997 	 4.724800 	 3.932000 	 
96.800003 	 1.994800 	 3.359800 	 
96.900002 	 4.297400 	 3.146100 	 
97.000000 	 0.163590 	 2.230495 	 
97.099998 	 -1.010900 	 -0.423655 	 
97.199997 	 1.150900 	 0.070000 	 
97.300003 	 2.269600 	 1.710250 	 
97.400002 	 0.974500 	 1.622050 	 
97.500000 	 0.563770 	 0.769135 	 
97.599998 	 -1.267200 	 -0.351715 	 
97.699997 	 -1.333200 	 -1.300200 	 
97.800003 	 -1.704500 	 -1.518850 	 
97.900002 	 -3.678800 	 -2.691650 	 
98.000000 	 -1.246100 	 -2.462450 	 
98.099998 	 -3.641200 	 -2.443650 	 
98.199997 	 -3.157600 	 -3.399400 	 
98.300003 	 -4.297400 	 -3.727500 	 
98.400002 	 -2.379700 	 -3.338550 	 
98.500000 	 -2.950800 	 -2.665250 	 
98.599998 	 -3.959700 	 -3.455250 	 
98.699997 	 -5.225100 	 -4.592400 	 
98.800003 	 -6.214100 	 -5.719600 	 
98.900002 	 -4.689600 	 -5.451850 	 
99.000000 	 -3.862300 	 -4.275950 	 
99.099998 	 -5.086300 	 -4.474300 	 
99.199997 	 -6.314400 	 -5.700350 	 
99.300003 	 -2.694100 	 -4.504250 	 
99.400002 	 -5.776500 	 -4.235300 	 
99.500000 	 -2.695200 	 -4.235850 	 
99.599998 	 -3.246800 	 -2.971000 	 
99.699997 	 -3.434900 	 -3.340850 	 
99.800003 	 -3.223300 	 -3.329100 	 
99.900002 	 -2.541900 	 -2.882600 	 
100.000000 	 -2.949300 	 -2.745600 	 
