0.000000 	 -0.275940 	 -0.275940 	 
0.100000 	 0.683070 	 0.683070 	 
0.200000 	 0.037993 	 0.037993 	 
0.300000 	 2.857600 	 2.857600 	 
0.400000 	 2.869800 	 2.869800 	 
0.500000 	 3.218300 	 3.218300 	 
0.600000 	 3.508400 	 3.508400 	 
0.700000 	 3.854200 	 3.854200 	 
0.800000 	 4.128100 	 4.128100 	 
0.900000 	 3.274900 	 3.274900 	 
1.000000 	 3.344400 	 3.344400 	 
1.100000 	 2.214000 	 2.214000 	 
1.200000 	 5.258300 	 5.258300 	 
1.300000 	 4.642500 	 4.642500 	 
1.400000 	 4.463200 	 4.463200 	 
1.500000 	 5.566200 	 5.566200 	 
1.600000 	 8.322400 	 8.322400 	 
1.700000 	 3.257900 	 3.257900 	 
1.800000 	 3.052600 	 3.052600 	 
1.900000 	 4.068400 	 4.068400 	 
2.000000 	 4.257900 	 3.644008 	 
2.100000 	 2.910700 	 3.755389 	 
2.200000 	 2.062300 	 3.856604 	 
2.300000 	 2.206100 	 3.824029 	 
2.400000 	 4.546000 	 3.907840 	 
2.500000 	 1.799500 	 3.836900 	 
2.600000 	 1.845300 	 3.753745 	 
2.700000 	 0.810960 	 3.601583 	 
2.800000 	 2.950800 	 3.542718 	 
2.900000 	 0.124140 	 3.385180 	 
3.000000 	 0.235530 	 3.229736 	 
3.100000 	 -2.103400 	 3.013866 	 
3.200000 	 0.114450 	 2.756674 	 
3.300000 	 -1.283900 	 2.460354 	 
3.400000 	 -1.315900 	 2.171399 	 
3.500000 	 1.102400 	 1.948209 	 
3.600000 	 -3.172800 	 1.373449 	 
3.700000 	 -0.992930 	 1.160907 	 
3.800000 	 -3.172200 	 0.849667 	 
3.900000 	 -1.763500 	 0.558072 	 
4.000000 	 -4.533800 	 0.118487 	 
4.100000 	 -1.692800 	 -0.111687 	 
4.200000 	 -5.885700 	 -0.509087 	 
4.300000 	 -3.463600 	 -0.792572 	 
4.400000 	 -4.026400 	 -1.221192 	 
4.500000 	 -5.371500 	 -1.579742 	 
4.600000 	 -4.459100 	 -1.894963 	 
4.700000 	 -2.907800 	 -2.080901 	 
4.800000 	 -4.961800 	 -2.476531 	 
4.900000 	 -3.761900 	 -2.670833 	 
5.000000 	 -3.987300 	 -2.881974 	 
5.100000 	 -5.896500 	 -3.071629 	 
5.200000 	 -5.502600 	 -3.352482 	 
5.300000 	 -3.645200 	 -3.470546 	 
5.400000 	 -5.184600 	 -3.663981 	 
5.500000 	 -4.109600 	 -3.924581 	 
5.600000 	 -3.161000 	 -3.923991 	 
5.700000 	 -3.901000 	 -4.069395 	 
5.800000 	 -1.190800 	 -3.970325 	 
5.900000 	 -1.606100 	 -3.962455 	 
6.000000 	 -1.957200 	 -3.833625 	 
6.100000 	 -0.867010 	 -3.792336 	 
6.200000 	 -0.939910 	 -3.545046 	 
6.300000 	 0.167520 	 -3.363490 	 
6.400000 	 2.308700 	 -3.046735 	 
6.500000 	 -1.092100 	 -2.832765 	 
6.600000 	 -0.235520 	 -2.621586 	 
6.700000 	 1.855500 	 -2.383421 	 
6.800000 	 3.098500 	 -1.980406 	 
6.900000 	 2.750800 	 -1.654771 	 
7.000000 	 3.825700 	 -1.264121 	 
7.100000 	 3.466300 	 -0.795981 	 
7.200000 	 2.874100 	 -0.377146 	 
7.300000 	 4.074500 	 0.008839 	 
7.400000 	 5.440700 	 0.540104 	 
7.500000 	 5.438900 	 1.017529 	 
7.600000 	 5.062700 	 1.428714 	 
7.700000 	 4.102400 	 1.828884 	 
7.800000 	 5.320300 	 2.154439 	 
7.900000 	 4.809700 	 2.475229 	 
8.000000 	 4.235300 	 2.784854 	 
8.100000 	 4.234100 	 3.039910 	 
8.200000 	 6.887000 	 3.431255 	 
8.300000 	 5.805800 	 3.713169 	 
8.400000 	 4.891800 	 3.842324 	 
8.500000 	 5.289000 	 4.161379 	 
8.600000 	 3.916000 	 4.368955 	 
8.700000 	 2.109100 	 4.381635 	 
8.800000 	 2.079700 	 4.330695 	 
8.900000 	 0.335760 	 4.209943 	 
9.000000 	 1.727900 	 4.105052 	 
9.100000 	 2.291000 	 4.046288 	 
9.200000 	 0.484920 	 3.926829 	 
9.300000 	 0.096449 	 3.727926 	 
9.400000 	 0.447220 	 3.478252 	 
9.500000 	 -0.946460 	 3.158984 	 
9.600000 	 -2.175700 	 2.797064 	 
9.700000 	 -2.076600 	 2.488114 	 
9.800000 	 -1.358600 	 2.154170 	 
9.900000 	 -3.312900 	 1.748039 	 
10.000000 	 -2.279900 	 1.422279 	 
10.100000 	 -2.813200 	 1.069914 	 
10.200000 	 -2.455500 	 0.602790 	 
10.300000 	 -3.744500 	 0.125274 	 
10.400000 	 -3.147200 	 -0.276675 	 
10.500000 	 -4.937100 	 -0.787980 	 
10.600000 	 -3.620000 	 -1.164780 	 
10.700000 	 -4.397500 	 -1.490110 	 
10.800000 	 -6.535000 	 -1.920845 	 
10.900000 	 -3.862800 	 -2.130773 	 
11.000000 	 -5.137100 	 -2.474024 	 
11.100000 	 -6.014400 	 -2.889293 	 
11.200000 	 -4.283500 	 -3.127715 	 
11.300000 	 -4.311100 	 -3.348092 	 
11.400000 	 -4.266100 	 -3.583757 	 
11.500000 	 -4.862100 	 -3.779540 	 
11.600000 	 -3.453300 	 -3.843420 	 
11.700000 	 -5.147600 	 -3.996970 	 
11.800000 	 -4.097000 	 -4.133890 	 
11.900000 	 -1.332000 	 -4.034845 	 
12.000000 	 -3.051200 	 -4.073411 	 
12.100000 	 -0.982860 	 -3.981893 	 
12.200000 	 -1.487800 	 -3.933508 	 
12.300000 	 -1.868000 	 -3.839684 	 
12.400000 	 -1.142900 	 -3.739468 	 
12.500000 	 -0.358470 	 -3.510537 	 
12.600000 	 -0.337880 	 -3.346431 	 
12.700000 	 2.141900 	 -3.019461 	 
12.800000 	 0.262800 	 -2.679571 	 
12.900000 	 0.564890 	 -2.458186 	 
13.000000 	 2.552100 	 -2.073726 	 
13.100000 	 2.975700 	 -1.624221 	 
13.200000 	 4.256000 	 -1.197246 	 
13.300000 	 0.719650 	 -0.945709 	 
13.400000 	 3.524800 	 -0.556163 	 
13.500000 	 4.380200 	 -0.094049 	 
13.600000 	 3.370000 	 0.247116 	 
13.700000 	 3.954500 	 0.702222 	 
13.800000 	 5.423800 	 1.178261 	 
13.900000 	 5.486700 	 1.519197 	 
14.000000 	 5.236300 	 1.933571 	 
14.100000 	 3.514200 	 2.158425 	 
14.200000 	 5.624700 	 2.514050 	 
14.300000 	 5.172500 	 2.866075 	 
14.400000 	 6.507700 	 3.248605 	 
14.500000 	 5.375100 	 3.535283 	 
14.600000 	 3.165600 	 3.710457 	 
14.700000 	 4.865800 	 3.846652 	 
14.800000 	 3.849500 	 4.025987 	 
14.900000 	 3.558000 	 4.175642 	 
15.000000 	 3.292500 	 4.212663 	 
15.100000 	 2.600000 	 4.193878 	 
15.200000 	 2.012100 	 4.081683 	 
15.300000 	 1.184200 	 4.104910 	 
15.400000 	 -0.215070 	 3.917917 	 
15.500000 	 1.770900 	 3.787452 	 
15.600000 	 -1.414600 	 3.548221 	 
15.700000 	 1.793100 	 3.440152 	 
15.800000 	 -1.094900 	 3.114217 	 
15.900000 	 -1.173800 	 2.781191 	 
16.000000 	 -1.876300 	 2.425561 	 
16.100000 	 -1.553400 	 2.172182 	 
16.200001 	 -2.381900 	 1.771851 	 
16.299999 	 -4.189800 	 1.303737 	 
16.400000 	 -5.514500 	 0.702627 	 
16.500000 	 -3.798300 	 0.243956 	 
16.600000 	 -4.035200 	 -0.116084 	 
16.700001 	 -2.717500 	 -0.495249 	 
16.799999 	 -4.864700 	 -0.930958 	 
16.900000 	 -4.372000 	 -1.327459 	 
17.000000 	 -4.189800 	 -1.701574 	 
17.100000 	 -6.339400 	 -2.148544 	 
17.200001 	 -4.248700 	 -2.461584 	 
17.299999 	 -5.137800 	 -2.777684 	 
17.400000 	 -6.172700 	 -3.075565 	 
17.500000 	 -5.001600 	 -3.414190 	 
17.600000 	 -5.236400 	 -3.605280 	 
17.700001 	 -2.324300 	 -3.811150 	 
17.799999 	 -4.633200 	 -3.988065 	 
17.900000 	 -3.388300 	 -4.098790 	 
18.000000 	 -2.585700 	 -4.134260 	 
18.100000 	 -2.019100 	 -4.157545 	 
18.200001 	 -4.509300 	 -4.263915 	 
18.299999 	 -3.280400 	 -4.218446 	 
18.400000 	 -3.867700 	 -4.136106 	 
18.500000 	 -1.788800 	 -4.035630 	 
18.600000 	 -0.378370 	 -3.852788 	 
18.700001 	 -0.446570 	 -3.739242 	 
18.799999 	 -1.329400 	 -3.562477 	 
18.900000 	 2.079700 	 -3.239892 	 
19.000000 	 0.140100 	 -3.023397 	 
19.100000 	 2.668600 	 -2.572997 	 
19.200001 	 1.724200 	 -2.274352 	 
19.299999 	 3.167800 	 -1.859072 	 
19.400000 	 3.404200 	 -1.380227 	 
19.500000 	 6.331900 	 -0.813552 	 
19.600000 	 3.547100 	 -0.374377 	 
19.700001 	 3.088600 	 -0.103732 	 
19.799999 	 5.342200 	 0.395038 	 
19.900000 	 4.020200 	 0.765463 	 
20.000000 	 4.160300 	 1.102763 	 
20.100000 	 4.485600 	 1.427998 	 
20.200001 	 4.663300 	 1.886628 	 
20.299999 	 5.339700 	 2.317633 	 
20.400000 	 5.863800 	 2.804208 	 
20.500000 	 3.875300 	 3.087413 	 
20.600000 	 5.684300 	 3.390546 	 
20.700001 	 3.888900 	 3.607320 	 
20.799999 	 3.763200 	 3.861950 	 
20.900000 	 1.259900 	 3.820960 	 
21.000000 	 4.380700 	 4.032990 	 
21.100000 	 4.789900 	 4.139055 	 
21.200001 	 3.630200 	 4.234355 	 
21.299999 	 3.276400 	 4.239785 	 
21.400000 	 2.775800 	 4.208365 	 
21.500000 	 3.067200 	 4.045130 	 
21.600000 	 2.686000 	 4.002075 	 
21.700001 	 1.760400 	 3.935665 	 
21.799999 	 0.956230 	 3.716367 	 
21.900000 	 -1.009100 	 3.464901 	 
22.000000 	 0.617630 	 3.287768 	 
22.100000 	 -1.901500 	 2.968413 	 
22.200001 	 -1.595800 	 2.655458 	 
22.299999 	 -2.566100 	 2.260168 	 
22.400000 	 -1.452600 	 1.894348 	 
22.500000 	 -3.729500 	 1.514108 	 
22.600000 	 -3.075100 	 1.076138 	 
22.700001 	 -2.795000 	 0.741943 	 
22.799999 	 -2.601100 	 0.423728 	 
22.900000 	 -4.615600 	 0.129953 	 
23.000000 	 -4.095300 	 -0.293847 	 
23.100000 	 -5.150300 	 -0.790857 	 
23.200001 	 -5.920700 	 -1.268402 	 
23.299999 	 -4.030900 	 -1.633767 	 
23.400000 	 -4.525900 	 -1.998852 	 
23.500000 	 -4.094800 	 -2.356952 	 
23.600000 	 -5.647700 	 -2.773637 	 
23.700001 	 -3.896300 	 -3.056472 	 
23.799999 	 -6.031900 	 -3.405879 	 
23.900000 	 -4.386300 	 -3.574739 	 
24.000000 	 -4.142000 	 -3.812720 	 
24.100000 	 -6.010900 	 -4.018189 	 
24.200001 	 -3.235700 	 -4.100184 	 
24.299999 	 -2.083300 	 -4.076045 	 
24.400000 	 -2.105000 	 -4.108665 	 
24.500000 	 -2.998700 	 -4.072124 	 
24.600000 	 -2.260300 	 -4.031384 	 
24.700001 	 -2.434500 	 -4.013360 	 
24.799999 	 -2.538900 	 -4.010250 	 
24.900000 	 -1.798100 	 -3.869375 	 
25.000000 	 -0.296400 	 -3.679430 	 
25.100000 	 -0.381210 	 -3.440976 	 
25.200001 	 2.489100 	 -3.020486 	 
25.299999 	 1.265500 	 -2.755666 	 
25.400000 	 1.726000 	 -2.443070 	 
25.500000 	 1.562000 	 -2.160230 	 
25.600000 	 2.177500 	 -1.768970 	 
25.700001 	 1.757800 	 -1.486265 	 
25.799999 	 4.366800 	 -0.966331 	 
25.900000 	 2.438900 	 -0.625071 	 
26.000000 	 3.426800 	 -0.246631 	 
26.100000 	 3.461700 	 0.226999 	 
26.200001 	 5.973900 	 0.687479 	 
26.299999 	 5.484900 	 1.065890 	 
26.400000 	 4.517600 	 1.397020 	 
26.500000 	 4.864200 	 1.790165 	 
26.600000 	 5.376500 	 2.172005 	 
26.700001 	 4.497100 	 2.518585 	 
26.799999 	 4.203600 	 2.855710 	 
26.900000 	 5.755200 	 3.233374 	 
27.000000 	 5.261200 	 3.511255 	 
27.100000 	 5.065600 	 3.783595 	 
27.200001 	 5.652400 	 3.941760 	 
27.299999 	 3.045200 	 4.030745 	 
27.400000 	 4.425700 	 4.165730 	 
27.500000 	 4.655800 	 4.320420 	 
27.600000 	 4.584100 	 4.440751 	 
27.700001 	 2.878200 	 4.496770 	 
27.799999 	 2.190500 	 4.387956 	 
27.900000 	 2.569600 	 4.394490 	 
28.000000 	 0.588540 	 4.252577 	 
28.100000 	 -1.431100 	 4.007937 	 
28.200001 	 0.795160 	 3.749000 	 
28.299999 	 -0.538330 	 3.447839 	 
28.400000 	 -0.909520 	 3.176483 	 
28.500000 	 -1.296100 	 2.868468 	 
28.600000 	 -1.426700 	 2.528308 	 
28.700001 	 -1.578500 	 2.224527 	 
28.799999 	 -3.537400 	 1.837477 	 
28.900000 	 -3.253900 	 1.387022 	 
29.000000 	 -4.216000 	 0.913163 	 
29.100000 	 -3.590600 	 0.480352 	 
29.200001 	 -5.064900 	 -0.055513 	 
29.299999 	 -5.393400 	 -0.477443 	 
29.400000 	 -4.967500 	 -0.947103 	 
29.500000 	 -4.693400 	 -1.414563 	 
29.600000 	 -5.802100 	 -1.933873 	 
29.700001 	 -5.118000 	 -2.333683 	 
29.799999 	 -5.471100 	 -2.716763 	 
29.900000 	 -4.251400 	 -3.057812 	 
30.000000 	 -4.278300 	 -3.301154 	 
30.100000 	 -3.594600 	 -3.409329 	 
30.200001 	 -6.298000 	 -3.763987 	 
30.299999 	 -5.916200 	 -4.032881 	 
30.400000 	 -2.286300 	 -4.101720 	 
30.500000 	 -4.598000 	 -4.266815 	 
30.600000 	 -3.551500 	 -4.373055 	 
30.700001 	 -2.654000 	 -4.426830 	 
30.799999 	 -2.971600 	 -4.398540 	 
30.900000 	 -3.955900 	 -4.433640 	 
31.000000 	 -2.091200 	 -4.327400 	 
31.100000 	 -2.045300 	 -4.250135 	 
31.200001 	 0.880040 	 -3.952888 	 
31.299999 	 1.060700 	 -3.630183 	 
31.400000 	 0.260180 	 -3.368799 	 
31.500000 	 -0.185890 	 -3.143424 	 
31.600000 	 1.018100 	 -2.802414 	 
31.700001 	 1.641300 	 -2.464448 	 
31.799999 	 0.792500 	 -2.151268 	 
31.900000 	 3.258500 	 -1.775774 	 
32.000000 	 2.586000 	 -1.432559 	 
32.099998 	 1.740300 	 -1.165813 	 
32.200001 	 2.532500 	 -0.724288 	 
32.299999 	 4.984300 	 -0.179264 	 
32.400002 	 4.082700 	 0.139186 	 
32.500000 	 5.866900 	 0.662432 	 
32.599998 	 4.171200 	 1.048566 	 
32.700001 	 4.880500 	 1.425292 	 
32.799999 	 2.820400 	 1.714891 	 
32.900002 	 5.251300 	 2.175251 	 
33.000000 	 3.281700 	 2.443896 	 
33.099998 	 3.913400 	 2.741831 	 
33.200001 	 5.246100 	 2.960135 	 
33.299999 	 6.405900 	 3.227394 	 
33.400002 	 4.421000 	 3.435436 	 
33.500000 	 4.353800 	 3.662420 	 
33.599998 	 5.288100 	 3.875920 	 
33.700001 	 3.944200 	 3.991065 	 
33.799999 	 3.335400 	 4.118210 	 
33.900002 	 2.905500 	 4.100560 	 
34.000000 	 1.935200 	 4.068020 	 
34.099998 	 2.664700 	 4.114240 	 
34.200001 	 1.498200 	 4.062525 	 
34.299999 	 1.391000 	 3.882860 	 
34.400002 	 2.340500 	 3.795750 	 
34.500000 	 -0.584690 	 3.473171 	 
34.599998 	 -0.767400 	 3.226241 	 
34.700001 	 -0.272310 	 2.968600 	 
34.799999 	 -0.782430 	 2.788458 	 
34.900002 	 -1.428200 	 2.454484 	 
35.000000 	 -0.358660 	 2.272465 	 
35.099998 	 -3.522500 	 1.900670 	 
35.200001 	 -3.232200 	 1.476755 	 
35.299999 	 -3.976500 	 0.957636 	 
35.400002 	 -4.550900 	 0.509040 	 
35.500000 	 -4.428100 	 0.069945 	 
35.599998 	 -2.427000 	 -0.315810 	 
35.700001 	 -5.308500 	 -0.778445 	 
35.799999 	 -4.304400 	 -1.160434 	 
35.900002 	 -6.140200 	 -1.612719 	 
36.000000 	 -5.826900 	 -2.000824 	 
36.099998 	 -4.102300 	 -2.339175 	 
36.200001 	 -5.542500 	 -2.691210 	 
36.299999 	 -5.246900 	 -3.023104 	 
36.400002 	 -5.402200 	 -3.410240 	 
36.500000 	 -3.536500 	 -3.557830 	 
36.599998 	 -6.227300 	 -3.830825 	 
36.700001 	 -3.982500 	 -4.016335 	 
36.799999 	 -4.584500 	 -4.206438 	 
36.900002 	 -3.095000 	 -4.289778 	 
37.000000 	 -4.845900 	 -4.514141 	 
37.099998 	 -1.021800 	 -4.389105 	 
37.200001 	 -2.802500 	 -4.367620 	 
37.299999 	 0.096356 	 -4.163978 	 
37.400002 	 -2.145500 	 -4.043707 	 
37.500000 	 -1.938400 	 -3.919222 	 
37.599998 	 -0.193530 	 -3.807549 	 
37.700001 	 -0.998040 	 -3.592025 	 
37.799999 	 0.806130 	 -3.336499 	 
37.900002 	 1.439800 	 -2.957499 	 
38.000000 	 1.905400 	 -2.570884 	 
38.099998 	 2.050600 	 -2.263239 	 
38.200001 	 2.357100 	 -1.868259 	 
38.299999 	 2.070500 	 -1.502389 	 
38.400002 	 2.562200 	 -1.104169 	 
38.500000 	 5.209100 	 -0.666889 	 
38.599998 	 1.809700 	 -0.265039 	 
38.700001 	 3.226600 	 0.095416 	 
38.799999 	 4.766800 	 0.562981 	 
38.900002 	 5.109400 	 0.973201 	 
39.000000 	 4.316200 	 1.431306 	 
39.099998 	 5.212300 	 1.743011 	 
39.200001 	 4.707700 	 2.118521 	 
39.299999 	 5.924500 	 2.409928 	 
39.400002 	 5.360900 	 2.785248 	 
39.500000 	 4.358500 	 3.100093 	 
39.599998 	 2.465800 	 3.233059 	 
39.700001 	 4.958200 	 3.530871 	 
39.799999 	 6.371000 	 3.809115 	 
39.900002 	 4.537400 	 3.963995 	 
40.000000 	 3.426300 	 4.040040 	 
40.099998 	 5.014600 	 4.188240 	 
40.200001 	 3.123500 	 4.226560 	 
40.299999 	 4.298100 	 4.337940 	 
40.400002 	 2.412200 	 4.330440 	 
40.500000 	 2.349100 	 4.187440 	 
40.599998 	 2.845300 	 4.239220 	 
40.700001 	 1.477000 	 4.151740 	 
40.799999 	 2.668300 	 4.046815 	 
40.900002 	 -1.522100 	 3.715240 	 
41.000000 	 -2.053200 	 3.396770 	 
41.099998 	 -0.070222 	 3.132644 	 
41.200001 	 -2.246400 	 2.784939 	 
41.299999 	 -2.163100 	 2.380559 	 
41.400002 	 -1.677600 	 2.028634 	 
41.500000 	 -2.772800 	 1.672069 	 
41.599998 	 -3.516100 	 1.372974 	 
41.700001 	 -3.350800 	 0.957524 	 
41.799999 	 -5.098600 	 0.384044 	 
41.900002 	 -4.407900 	 -0.063221 	 
42.000000 	 -3.330700 	 -0.401071 	 
42.099998 	 -4.417200 	 -0.872661 	 
42.200001 	 -2.201000 	 -1.138886 	 
42.299999 	 -3.757800 	 -1.541681 	 
42.400002 	 -3.252100 	 -1.824896 	 
42.500000 	 -4.758000 	 -2.180251 	 
42.599998 	 -6.140100 	 -2.629521 	 
42.700001 	 -5.463700 	 -2.976556 	 
42.799999 	 -3.110200 	 -3.265481 	 
42.900002 	 -5.414800 	 -3.460116 	 
43.000000 	 -3.266100 	 -3.520761 	 
43.099998 	 -3.246500 	 -3.679575 	 
43.200001 	 -4.514300 	 -3.792970 	 
43.299999 	 -2.179600 	 -3.793795 	 
43.400002 	 -3.958600 	 -3.907845 	 
43.500000 	 -2.138300 	 -3.876120 	 
43.599998 	 -2.749100 	 -3.837770 	 
43.700001 	 -1.116700 	 -3.726065 	 
43.799999 	 -1.025600 	 -3.522414 	 
43.900002 	 -1.887800 	 -3.396410 	 
44.000000 	 1.155200 	 -3.172115 	 
44.099998 	 1.680300 	 -2.867240 	 
44.200001 	 1.506300 	 -2.681875 	 
44.299999 	 1.233700 	 -2.432300 	 
44.400002 	 0.136830 	 -2.262853 	 
44.500000 	 1.605100 	 -1.944699 	 
44.599998 	 3.196200 	 -1.477884 	 
44.700001 	 3.416700 	 -1.033863 	 
44.799999 	 3.604900 	 -0.698109 	 
44.900002 	 4.119500 	 -0.221394 	 
45.000000 	 5.419500 	 0.212887 	 
45.099998 	 5.455600 	 0.647991 	 
45.200001 	 3.060100 	 1.026712 	 
45.299999 	 4.843800 	 1.377882 	 
45.400002 	 2.917700 	 1.721697 	 
45.500000 	 6.998300 	 2.178527 	 
45.599998 	 6.572800 	 2.644622 	 
45.700001 	 6.206300 	 3.010772 	 
45.799999 	 5.146700 	 3.319386 	 
45.900002 	 5.431000 	 3.685327 	 
46.000000 	 4.152700 	 3.835202 	 
46.099998 	 5.278300 	 4.015102 	 
46.200001 	 3.616600 	 4.120617 	 
46.299999 	 2.098800 	 4.163872 	 
46.400002 	 4.218100 	 4.367935 	 
46.500000 	 4.539100 	 4.514635 	 
46.599998 	 3.073300 	 4.508490 	 
46.700001 	 -0.623910 	 4.306459 	 
46.799999 	 2.537900 	 4.253109 	 
46.900002 	 3.403800 	 4.217324 	 
47.000000 	 -1.448200 	 3.873940 	 
47.099998 	 1.686400 	 3.685479 	 
47.200001 	 0.706670 	 3.567808 	 
47.299999 	 -1.846800 	 3.233278 	 
47.400002 	 -1.980900 	 2.988348 	 
47.500000 	 -4.159000 	 2.430483 	 
47.599998 	 0.177950 	 2.110740 	 
47.700001 	 -3.879000 	 1.606475 	 
47.799999 	 -3.103800 	 1.193951 	 
47.900002 	 -3.874200 	 0.728691 	 
48.000000 	 -3.550600 	 0.343525 	 
48.099998 	 -4.070400 	 -0.123910 	 
48.200001 	 -5.806000 	 -0.595040 	 
48.299999 	 -4.623400 	 -0.931150 	 
48.400002 	 -4.783800 	 -1.381244 	 
48.500000 	 -5.284000 	 -1.872400 	 
48.599998 	 -4.682700 	 -2.260200 	 
48.700001 	 -5.743000 	 -2.516154 	 
48.799999 	 -6.175400 	 -2.951819 	 
48.900002 	 -5.236100 	 -3.383814 	 
49.000000 	 -5.426100 	 -3.582709 	 
49.099998 	 -5.895000 	 -3.961779 	 
49.200001 	 -3.661000 	 -4.180162 	 
49.299999 	 -4.440100 	 -4.309827 	 
49.400002 	 -3.314700 	 -4.376517 	 
49.500000 	 -3.814100 	 -4.359273 	 
49.599998 	 -2.666900 	 -4.501514 	 
49.700001 	 -2.050600 	 -4.410094 	 
49.799999 	 -2.188400 	 -4.364325 	 
49.900002 	 -3.015100 	 -4.321370 	 
50.000000 	 -1.614000 	 -4.224540 	 
50.099998 	 -1.843200 	 -4.113180 	 
50.200001 	 0.159280 	 -3.814916 	 
50.299999 	 -0.242080 	 -3.595850 	 
50.400002 	 -0.053134 	 -3.359317 	 
50.500000 	 1.749300 	 -3.007652 	 
50.599998 	 2.564600 	 -2.645287 	 
50.700001 	 0.939790 	 -2.311147 	 
50.799999 	 2.526100 	 -1.876072 	 
50.900002 	 3.494200 	 -1.439557 	 
51.000000 	 3.273900 	 -1.004557 	 
51.099998 	 5.560500 	 -0.431782 	 
51.200001 	 3.753200 	 -0.061072 	 
51.299999 	 4.900100 	 0.405938 	 
51.400002 	 3.320900 	 0.737718 	 
51.500000 	 4.022100 	 1.129528 	 
51.599998 	 5.300500 	 1.527898 	 
51.700001 	 5.609800 	 1.910918 	 
51.799999 	 5.291000 	 2.284888 	 
51.900002 	 7.161600 	 2.793723 	 
52.000000 	 4.427400 	 3.095793 	 
52.099998 	 4.261700 	 3.401038 	 
52.200001 	 5.706500 	 3.678399 	 
52.299999 	 3.651000 	 3.873053 	 
52.400002 	 6.442900 	 4.197854 	 
52.500000 	 3.380300 	 4.279405 	 
52.599998 	 3.305600 	 4.316454 	 
52.700001 	 4.376900 	 4.488310 	 
52.799999 	 2.068300 	 4.465420 	 
52.900002 	 3.365200 	 4.458970 	 
53.000000 	 2.771700 	 4.433860 	 
53.099998 	 0.436810 	 4.177676 	 
53.200001 	 1.862000 	 4.083116 	 
53.299999 	 0.876110 	 3.881916 	 
53.400002 	 -0.520490 	 3.689847 	 
53.500000 	 -1.094600 	 3.434011 	 
53.599998 	 -0.939620 	 3.122005 	 
53.700001 	 -1.200400 	 2.781496 	 
53.799999 	 -2.741000 	 2.379895 	 
53.900002 	 -2.050100 	 1.919311 	 
54.000000 	 -2.917100 	 1.552086 	 
54.099998 	 -4.033400 	 1.137331 	 
54.200001 	 -4.579800 	 0.623016 	 
54.299999 	 -4.457900 	 0.217570 	 
54.400002 	 -4.993100 	 -0.354230 	 
54.500000 	 -3.367400 	 -0.691615 	 
54.599998 	 -5.783900 	 -1.146090 	 
54.700001 	 -4.675000 	 -1.598685 	 
54.799999 	 -4.400600 	 -1.922130 	 
54.900002 	 -5.953700 	 -2.388074 	 
55.000000 	 -4.630100 	 -2.758165 	 
55.099998 	 -5.445900 	 -3.052300 	 
55.200001 	 -5.760100 	 -3.433405 	 
55.299999 	 -6.203500 	 -3.787385 	 
55.400002 	 -5.510700 	 -4.036896 	 
55.500000 	 -2.618300 	 -4.113081 	 
55.599998 	 -5.634200 	 -4.347810 	 
55.700001 	 -4.405100 	 -4.508045 	 
55.799999 	 -4.558200 	 -4.598906 	 
55.900002 	 -2.259300 	 -4.609365 	 
56.000000 	 -3.525800 	 -4.639801 	 
56.099998 	 -2.612500 	 -4.568756 	 
56.200001 	 -0.985540 	 -4.389042 	 
56.299999 	 -0.299350 	 -4.181115 	 
56.400002 	 -1.833400 	 -4.023129 	 
56.500000 	 -0.434990 	 -3.876509 	 
56.599998 	 0.634830 	 -3.555573 	 
56.700001 	 0.743020 	 -3.284671 	 
56.799999 	 3.112300 	 -2.909027 	 
56.900002 	 3.015700 	 -2.460557 	 
57.000000 	 3.513900 	 -2.053357 	 
57.099998 	 0.565100 	 -1.752806 	 
57.200001 	 2.679600 	 -1.330821 	 
57.299999 	 3.173500 	 -0.861971 	 
57.400002 	 2.674100 	 -0.452732 	 
57.500000 	 3.280600 	 -0.157787 	 
57.599998 	 5.065900 	 0.377218 	 
57.700001 	 3.169400 	 0.755943 	 
57.799999 	 5.917500 	 1.279728 	 
57.900002 	 6.543400 	 1.719864 	 
58.000000 	 4.977600 	 2.145034 	 
58.099998 	 6.797000 	 2.615509 	 
58.200001 	 6.590800 	 2.994326 	 
58.299999 	 4.997500 	 3.259168 	 
58.400002 	 4.404400 	 3.571058 	 
58.500000 	 5.494400 	 3.867527 	 
58.599998 	 3.769300 	 4.024251 	 
58.700001 	 4.004500 	 4.187325 	 
58.799999 	 5.086800 	 4.286050 	 
58.900002 	 2.542100 	 4.262371 	 
59.000000 	 2.486300 	 4.210991 	 
59.099998 	 3.660700 	 4.365771 	 
59.200001 	 0.516360 	 4.257609 	 
59.299999 	 2.832900 	 4.240579 	 
59.400002 	 1.335700 	 4.173659 	 
59.500000 	 0.797680 	 4.049513 	 
59.599998 	 0.296810 	 3.811058 	 
59.700001 	 -0.436420 	 3.630767 	 
59.799999 	 -0.603280 	 3.304728 	 
59.900002 	 -1.503700 	 2.902373 	 
60.000000 	 -2.312800 	 2.537853 	 
60.099998 	 -0.982290 	 2.148888 	 
60.200001 	 -2.443100 	 1.697193 	 
60.299999 	 -2.406300 	 1.327003 	 
60.400002 	 -2.693200 	 0.972123 	 
60.500000 	 -3.793500 	 0.507728 	 
60.599998 	 -4.305600 	 0.103983 	 
60.700001 	 -3.802500 	 -0.286367 	 
60.799999 	 -4.781100 	 -0.779762 	 
60.900002 	 -4.159000 	 -1.114817 	 
61.000000 	 -5.919800 	 -1.535122 	 
61.099998 	 -4.906200 	 -1.963467 	 
61.200001 	 -4.871400 	 -2.232855 	 
61.299999 	 -3.616800 	 -2.555340 	 
61.400002 	 -3.203700 	 -2.782310 	 
61.500000 	 -5.084500 	 -3.076419 	 
61.599998 	 -5.387500 	 -3.360634 	 
61.700001 	 -5.571400 	 -3.617383 	 
61.799999 	 -4.866400 	 -3.830540 	 
61.900002 	 -4.011100 	 -3.955910 	 
62.000000 	 -4.942300 	 -4.087385 	 
62.099998 	 -3.818400 	 -4.229190 	 
62.200001 	 -2.402000 	 -4.227135 	 
62.299999 	 -1.110800 	 -4.162360 	 
62.400002 	 -1.110800 	 -4.083240 	 
62.500000 	 -2.263800 	 -4.006755 	 
62.599998 	 -3.148000 	 -3.948875 	 
62.700001 	 -1.055600 	 -3.811530 	 
62.799999 	 0.190050 	 -3.562972 	 
62.900002 	 0.390590 	 -3.335493 	 
63.000000 	 0.231620 	 -3.027922 	 
63.099998 	 0.761610 	 -2.744531 	 
63.200001 	 2.242500 	 -2.388836 	 
63.299999 	 3.641100 	 -2.025941 	 
63.400002 	 3.317100 	 -1.699901 	 
63.500000 	 0.907120 	 -1.400320 	 
63.599998 	 2.632800 	 -0.999305 	 
63.700001 	 2.737700 	 -0.583850 	 
63.799999 	 3.211500 	 -0.179955 	 
63.900002 	 5.767300 	 0.308965 	 
64.000000 	 4.963100 	 0.804235 	 
64.099998 	 4.796700 	 1.234989 	 
64.199997 	 4.778300 	 1.594004 	 
64.300003 	 3.073700 	 1.803229 	 
64.400002 	 4.705400 	 2.094039 	 
64.500000 	 4.366400 	 2.425550 	 
64.599998 	 4.739400 	 2.819919 	 
64.699997 	 3.984400 	 3.071919 	 
64.800003 	 5.272500 	 3.326042 	 
64.900002 	 4.067500 	 3.509888 	 
65.000000 	 4.385600 	 3.717587 	 
65.099998 	 4.411200 	 3.900066 	 
65.199997 	 3.525800 	 3.964231 	 
65.300003 	 3.148900 	 3.939621 	 
65.400002 	 3.625100 	 3.955021 	 
65.500000 	 3.209100 	 4.070120 	 
65.599998 	 0.559750 	 3.966468 	 
65.699997 	 0.078394 	 3.833503 	 
65.800003 	 2.222000 	 3.784028 	 
65.900002 	 0.089518 	 3.500138 	 
66.000000 	 0.034930 	 3.253730 	 
66.099998 	 -0.401010 	 2.993844 	 
66.199997 	 -1.366000 	 2.686629 	 
66.300003 	 -1.472700 	 2.459309 	 
66.400002 	 -2.460600 	 2.101009 	 
66.500000 	 -1.434700 	 1.810954 	 
66.599998 	 -2.361800 	 1.455894 	 
66.699997 	 -4.079700 	 1.052689 	 
66.800003 	 -3.014500 	 0.638339 	 
66.900002 	 -5.309500 	 0.169489 	 
67.000000 	 -5.443600 	 -0.321971 	 
67.099998 	 -5.716500 	 -0.828356 	 
67.199997 	 -4.912700 	 -1.250280 	 
67.300003 	 -4.352400 	 -1.625346 	 
67.400002 	 -4.022700 	 -2.007736 	 
67.500000 	 -5.569200 	 -2.446651 	 
67.599998 	 -5.797500 	 -2.764513 	 
67.699997 	 -4.765000 	 -3.006683 	 
67.800003 	 -4.197200 	 -3.327643 	 
67.900002 	 -5.825400 	 -3.623389 	 
68.000000 	 -4.903200 	 -3.870296 	 
68.099998 	 -4.166100 	 -4.058550 	 
68.199997 	 -4.407500 	 -4.210626 	 
68.300003 	 -3.875100 	 -4.330745 	 
68.400002 	 -3.800900 	 -4.397760 	 
68.500000 	 -1.248200 	 -4.388435 	 
68.599998 	 -4.281400 	 -4.484415 	 
68.699997 	 -1.913700 	 -4.376115 	 
68.800003 	 0.230240 	 -4.213878 	 
68.900002 	 -1.417000 	 -4.019253 	 
69.000000 	 -0.368560 	 -3.765501 	 
69.099998 	 -2.096200 	 -3.584486 	 
69.199997 	 -1.199300 	 -3.398816 	 
69.300003 	 -0.554430 	 -3.208918 	 
69.400002 	 2.972500 	 -2.859157 	 
69.500000 	 2.650200 	 -2.448188 	 
69.599998 	 1.808000 	 -2.067913 	 
69.699997 	 3.021300 	 -1.678597 	 
69.800003 	 5.066300 	 -1.215422 	 
69.900002 	 2.668600 	 -0.790723 	 
70.000000 	 4.347100 	 -0.328208 	 
70.099998 	 4.979800 	 0.129087 	 
70.199997 	 3.195800 	 0.509252 	 
70.300003 	 3.406900 	 0.873353 	 
70.400002 	 5.142300 	 1.320513 	 
70.500000 	 5.521200 	 1.658983 	 
70.599998 	 3.551700 	 2.050637 	 
70.699997 	 6.073700 	 2.450007 	 
70.800003 	 4.542900 	 2.665640 	 
70.900002 	 3.047700 	 2.888875 	 
71.000000 	 4.981200 	 3.156364 	 
71.099998 	 5.870900 	 3.554719 	 
71.199997 	 4.088600 	 3.819114 	 
71.300003 	 5.491900 	 4.121430 	 
71.400002 	 4.528900 	 4.199250 	 
71.500000 	 2.075200 	 4.170500 	 
71.599998 	 2.205700 	 4.190385 	 
71.699997 	 2.596200 	 4.169129 	 
71.800003 	 3.399500 	 4.085790 	 
71.900002 	 2.255900 	 4.065155 	 
72.000000 	 -0.128440 	 3.841378 	 
72.099998 	 2.159600 	 3.700368 	 
72.199997 	 0.475710 	 3.564363 	 
72.300003 	 0.649860 	 3.426512 	 
72.400002 	 -1.300100 	 3.104392 	 
72.500000 	 -2.217400 	 2.717462 	 
72.599998 	 -2.657500 	 2.407001 	 
72.699997 	 -1.057900 	 2.050421 	 
72.800003 	 -4.614100 	 1.592571 	 
72.900002 	 -2.976000 	 1.291386 	 
73.000000 	 -3.964500 	 0.844102 	 
73.099998 	 -4.183600 	 0.341377 	 
73.199997 	 -4.621700 	 -0.094139 	 
73.300003 	 -4.599100 	 -0.598688 	 
73.400002 	 -4.307500 	 -1.040509 	 
73.500000 	 -5.451500 	 -1.416843 	 
73.599998 	 -5.811300 	 -1.817693 	 
73.699997 	 -6.448500 	 -2.269928 	 
73.800003 	 -6.073200 	 -2.743564 	 
73.900002 	 -3.645100 	 -3.038614 	 
74.000000 	 -5.376100 	 -3.300997 	 
74.099998 	 -6.401600 	 -3.729057 	 
74.199997 	 -5.542800 	 -4.029982 	 
74.300003 	 -4.146200 	 -4.269784 	 
74.400002 	 -4.315100 	 -4.420535 	 
74.500000 	 -3.844100 	 -4.501870 	 
74.599998 	 -3.933000 	 -4.565644 	 
74.699997 	 -1.884300 	 -4.606965 	 
74.800003 	 -3.529000 	 -4.552710 	 
74.900002 	 -3.189400 	 -4.563380 	 
75.000000 	 -3.794000 	 -4.554855 	 
75.099998 	 -1.624400 	 -4.426895 	 
75.199997 	 -1.320700 	 -4.261845 	 
75.300003 	 0.050078 	 -4.029386 	 
75.400002 	 -0.547640 	 -3.841393 	 
75.500000 	 -0.654610 	 -3.601549 	 
75.599998 	 -0.971270 	 -3.359547 	 
75.699997 	 4.337900 	 -2.820227 	 
75.800003 	 2.337000 	 -2.399717 	 
75.900002 	 4.453000 	 -1.994812 	 
76.000000 	 3.241300 	 -1.563942 	 
76.099998 	 1.763300 	 -1.155697 	 
76.199997 	 4.588400 	 -0.649137 	 
76.300003 	 3.501500 	 -0.266752 	 
76.400002 	 5.428100 	 0.220408 	 
76.500000 	 5.489900 	 0.687108 	 
76.599998 	 5.330700 	 1.150293 	 
76.699997 	 5.172300 	 1.503123 	 
76.800003 	 4.724600 	 1.915803 	 
76.900002 	 6.824100 	 2.416477 	 
77.000000 	 4.864800 	 2.849417 	 
77.099998 	 3.735000 	 3.117388 	 
77.199997 	 3.603200 	 3.363583 	 
77.300003 	 4.873500 	 3.604754 	 
77.400002 	 3.722700 	 3.818271 	 
77.500000 	 2.700200 	 3.986012 	 
77.599998 	 3.699600 	 4.219555 	 
77.699997 	 4.363100 	 4.220815 	 
77.800003 	 4.335000 	 4.320715 	 
77.900002 	 2.905700 	 4.243350 	 
78.000000 	 1.840000 	 4.173285 	 
78.099998 	 1.631900 	 4.166715 	 
78.199997 	 0.183940 	 3.946492 	 
78.300003 	 1.407500 	 3.841792 	 
78.400002 	 -0.074548 	 3.566659 	 
78.500000 	 -0.438100 	 3.270259 	 
78.599998 	 -0.776150 	 2.964917 	 
78.699997 	 -1.071200 	 2.652742 	 
78.800003 	 -0.914850 	 2.370770 	 
78.900002 	 -1.814400 	 1.938844 	 
79.000000 	 -1.001400 	 1.645535 	 
79.099998 	 -3.046000 	 1.306485 	 
79.199997 	 -2.519100 	 1.000370 	 
79.300003 	 -4.570400 	 0.528175 	 
79.400002 	 -4.992500 	 0.092415 	 
79.500000 	 -6.009600 	 -0.343075 	 
79.599998 	 -4.897700 	 -0.772940 	 
79.699997 	 -4.641200 	 -1.223155 	 
79.800003 	 -5.017700 	 -1.690790 	 
79.900002 	 -4.536400 	 -2.062895 	 
80.000000 	 -4.694100 	 -2.389600 	 
80.099998 	 -6.068100 	 -2.774600 	 
80.199997 	 -3.369700 	 -2.952282 	 
80.300003 	 -3.836700 	 -3.214492 	 
80.400002 	 -4.085200 	 -3.415025 	 
80.500000 	 -5.003200 	 -3.643280 	 
80.599998 	 -2.967800 	 -3.752862 	 
80.699997 	 -3.478500 	 -3.873228 	 
80.800003 	 -2.696700 	 -3.962320 	 
80.900002 	 -4.269700 	 -4.085085 	 
81.000000 	 -1.937900 	 -4.131910 	 
81.099998 	 -2.939100 	 -4.126565 	 
81.199997 	 -3.030800 	 -4.152150 	 
81.300003 	 -2.871500 	 -4.067205 	 
81.400002 	 -2.111300 	 -3.923145 	 
81.500000 	 -2.510300 	 -3.748180 	 
81.599998 	 -1.014500 	 -3.554020 	 
81.699997 	 -0.866830 	 -3.365302 	 
81.800003 	 1.488700 	 -3.039982 	 
81.900002 	 2.608100 	 -2.682757 	 
82.000000 	 1.036800 	 -2.396212 	 
82.099998 	 1.894600 	 -1.998077 	 
82.199997 	 1.544900 	 -1.752346 	 
82.300003 	 3.936700 	 -1.363676 	 
82.400002 	 1.925500 	 -1.063141 	 
82.500000 	 5.023300 	 -0.561816 	 
82.599998 	 4.620000 	 -0.182426 	 
82.699997 	 2.348100 	 0.108904 	 
82.800003 	 3.948100 	 0.441144 	 
82.900002 	 4.285300 	 0.868894 	 
83.000000 	 5.366900 	 1.234134 	 
83.099998 	 6.181500 	 1.690163 	 
83.199997 	 4.924900 	 2.087949 	 
83.300003 	 4.421400 	 2.452593 	 
83.400002 	 2.351800 	 2.675748 	 
83.500000 	 4.235200 	 3.013023 	 
83.599998 	 5.816300 	 3.354563 	 
83.699997 	 3.769000 	 3.586355 	 
83.800003 	 4.856200 	 3.754730 	 
83.900002 	 4.367000 	 3.842675 	 
84.000000 	 2.128800 	 3.897275 	 
84.099998 	 3.069000 	 3.955995 	 
84.199997 	 3.760300 	 4.066765 	 
84.300003 	 2.979200 	 4.018890 	 
84.400002 	 2.690800 	 4.057155 	 
84.500000 	 1.637500 	 3.887865 	 
84.599998 	 0.172690 	 3.665499 	 
84.699997 	 1.085900 	 3.602389 	 
84.800003 	 0.300220 	 3.419996 	 
84.900002 	 -0.667090 	 3.172376 	 
85.000000 	 -2.420600 	 2.783001 	 
85.099998 	 -1.343600 	 2.406746 	 
85.199997 	 -2.695900 	 2.025706 	 
85.300003 	 -0.676880 	 1.770792 	 
85.400002 	 -2.270300 	 1.539687 	 
85.500000 	 -1.324300 	 1.261712 	 
85.599998 	 -3.399400 	 0.800927 	 
85.699997 	 -4.128900 	 0.406032 	 
85.800003 	 -4.730700 	 -0.073313 	 
85.900002 	 -4.978700 	 -0.540598 	 
86.000000 	 -5.013500 	 -0.897713 	 
86.099998 	 -3.387400 	 -1.220533 	 
86.199997 	 -6.059900 	 -1.711543 	 
86.300003 	 -4.257200 	 -2.073363 	 
86.400002 	 -5.109000 	 -2.463353 	 
86.500000 	 -3.479100 	 -2.719183 	 
86.599998 	 -6.258300 	 -3.040733 	 
86.699997 	 -4.457400 	 -3.317897 	 
86.800003 	 -5.618900 	 -3.613853 	 
86.900002 	 -4.903500 	 -3.825674 	 
87.000000 	 -4.141300 	 -3.911709 	 
87.099998 	 -4.300500 	 -4.059554 	 
87.199997 	 -3.096500 	 -4.079584 	 
87.300003 	 -3.067800 	 -4.199130 	 
87.400002 	 -2.351200 	 -4.203175 	 
87.500000 	 -3.695100 	 -4.321714 	 
87.599998 	 -2.135800 	 -4.258534 	 
87.699997 	 -1.830700 	 -4.143625 	 
87.800003 	 -0.853410 	 -3.949760 	 
87.900002 	 -0.388390 	 -3.720245 	 
88.000000 	 0.987570 	 -3.420192 	 
88.099998 	 0.795850 	 -3.211029 	 
88.199997 	 2.379100 	 -2.789079 	 
88.300003 	 2.802400 	 -2.436099 	 
88.400002 	 0.693390 	 -2.145979 	 
88.500000 	 1.389400 	 -1.902554 	 
88.599998 	 2.151000 	 -1.482090 	 
88.699997 	 3.529100 	 -1.082765 	 
88.800003 	 2.499100 	 -0.676865 	 
88.900002 	 4.259000 	 -0.218739 	 
89.000000 	 4.690300 	 0.222840 	 
89.099998 	 4.385800 	 0.657155 	 
89.199997 	 4.300700 	 1.027015 	 
89.300003 	 6.514300 	 1.506121 	 
89.400002 	 4.676800 	 1.857521 	 
89.500000 	 5.703300 	 2.327441 	 
89.599998 	 4.446200 	 2.656540 	 
89.699997 	 6.140700 	 3.055110 	 
89.800003 	 2.916200 	 3.243591 	 
89.900002 	 4.160500 	 3.471035 	 
90.000000 	 4.473500 	 3.645332 	 
90.099998 	 2.231300 	 3.717104 	 
90.199997 	 7.027500 	 3.949524 	 
90.300003 	 3.388100 	 3.978810 	 
90.400002 	 5.461300 	 4.217205 	 
90.500000 	 3.501500 	 4.322810 	 
90.599998 	 2.319700 	 4.331245 	 
90.699997 	 0.495550 	 4.179568 	 
90.800003 	 0.976080 	 4.103417 	 
90.900002 	 1.263600 	 3.953646 	 
91.000000 	 -1.498400 	 3.644212 	 
91.099998 	 -0.538100 	 3.398017 	 
91.199997 	 0.115750 	 3.188769 	 
91.300003 	 -0.178740 	 2.854117 	 
91.400002 	 -1.571200 	 2.541717 	 
91.500000 	 -3.135000 	 2.099802 	 
91.599998 	 -3.705200 	 1.692232 	 
91.699997 	 -2.747100 	 1.247842 	 
91.800003 	 -3.043600 	 0.949852 	 
91.900002 	 -1.778200 	 0.652917 	 
92.000000 	 -3.443700 	 0.257057 	 
92.099998 	 -4.152900 	 -0.062153 	 
92.199997 	 -4.335300 	 -0.630293 	 
92.300003 	 -4.902000 	 -1.044798 	 
92.400002 	 -5.438100 	 -1.589768 	 
92.500000 	 -3.981900 	 -1.963938 	 
92.599998 	 -5.165600 	 -2.338203 	 
92.699997 	 -4.742600 	 -2.600111 	 
92.800003 	 -4.628700 	 -2.880350 	 
92.900002 	 -5.752900 	 -3.231174 	 
93.000000 	 -5.759900 	 -3.444249 	 
93.099998 	 -5.106000 	 -3.672644 	 
93.199997 	 -6.506200 	 -4.003742 	 
93.300003 	 -3.469100 	 -4.168260 	 
93.400002 	 -2.955800 	 -4.237490 	 
93.500000 	 -2.066300 	 -4.184055 	 
93.599998 	 -4.611600 	 -4.229375 	 
93.699997 	 -1.435400 	 -4.163790 	 
93.800003 	 -3.647100 	 -4.193965 	 
93.900002 	 -2.353600 	 -4.222735 	 
94.000000 	 -1.446900 	 -4.122895 	 
94.099998 	 -2.435700 	 -4.037035 	 
94.199997 	 0.287740 	 -3.805883 	 
94.300003 	 0.264590 	 -3.547554 	 
94.400002 	 0.669330 	 -3.242182 	 
94.500000 	 -0.243650 	 -3.055269 	 
94.599998 	 2.216200 	 -2.686179 	 
94.699997 	 1.766600 	 -2.360719 	 
94.800003 	 4.083600 	 -1.925104 	 
94.900002 	 4.420600 	 -1.416430 	 
95.000000 	 3.288000 	 -0.964034 	 
95.099998 	 3.949700 	 -0.511249 	 
95.199997 	 5.260800 	 0.077101 	 
95.300003 	 5.666800 	 0.533895 	 
95.400002 	 4.671000 	 0.915236 	 
95.500000 	 7.080600 	 1.372581 	 
95.599998 	 5.715200 	 1.888921 	 
95.699997 	 6.267800 	 2.274081 	 
95.800003 	 4.537400 	 2.683306 	 
95.900002 	 3.550700 	 2.978521 	 
96.000000 	 5.998100 	 3.350770 	 
96.099998 	 5.415900 	 3.743351 	 
96.199997 	 5.356500 	 3.996789 	 
96.300003 	 3.609300 	 4.164024 	 
96.400002 	 3.567100 	 4.308913 	 
96.500000 	 4.985200 	 4.570355 	 
96.599998 	 3.139200 	 4.616506 	 
96.699997 	 4.724800 	 4.764415 	 
96.800003 	 1.994800 	 4.659975 	 
96.900002 	 4.297400 	 4.653815 	 
97.000000 	 0.163590 	 4.497594 	 
97.099998 	 -1.010900 	 4.249565 	 
97.199997 	 1.150900 	 4.044069 	 
97.300003 	 2.269600 	 3.874209 	 
97.400002 	 0.974500 	 3.689384 	 
97.500000 	 0.563770 	 3.363543 	 
97.599998 	 -1.267200 	 3.014423 	 
97.699997 	 -1.333200 	 2.634373 	 
97.800003 	 -1.704500 	 2.322278 	 
97.900002 	 -3.678800 	 1.960803 	 
98.000000 	 -1.246100 	 1.598593 	 
98.099998 	 -3.641200 	 1.145738 	 
98.199997 	 -3.157600 	 0.720033 	 
98.300003 	 -4.297400 	 0.324698 	 
98.400002 	 -2.379700 	 0.027358 	 
98.500000 	 -2.950800 	 -0.369442 	 
98.599998 	 -3.959700 	 -0.724387 	 
98.699997 	 -5.225100 	 -1.221882 	 
98.800003 	 -6.214100 	 -1.632327 	 
98.900002 	 -4.689600 	 -2.081677 	 
99.000000 	 -3.862300 	 -2.282971 	 
99.099998 	 -5.086300 	 -2.486742 	 
99.199997 	 -6.314400 	 -2.860007 	 
99.300003 	 -2.694100 	 -3.108191 	 
99.400002 	 -5.776500 	 -3.445742 	 
99.500000 	 -2.695200 	 -3.608690 	 
99.599998 	 -3.246800 	 -3.707670 	 
99.699997 	 -3.434900 	 -3.812755 	 
99.800003 	 -3.223300 	 -3.888695 	 
99.900002 	 -2.541900 	 -3.831850 	 
100.000000 	 -2.949300 	 -3.917010 	 
