0.000000 	 -0.275940 	 -0.275940 	 
0.100000 	 0.683070 	 0.683070 	 
0.200000 	 0.037993 	 0.037993 	 
0.300000 	 2.857600 	 2.857600 	 
0.400000 	 2.869800 	 2.869800 	 
0.500000 	 3.218300 	 3.218300 	 
0.600000 	 3.508400 	 3.508400 	 
0.700000 	 3.854200 	 3.854200 	 
0.800000 	 4.128100 	 4.128100 	 
0.900000 	 3.274900 	 3.274900 	 
1.000000 	 3.344400 	 3.344400 	 
1.100000 	 2.214000 	 2.214000 	 
1.200000 	 5.258300 	 5.258300 	 
1.300000 	 4.642500 	 4.642500 	 
1.400000 	 4.463200 	 4.463200 	 
1.500000 	 5.566200 	 5.566200 	 
1.600000 	 8.322400 	 8.322400 	 
1.700000 	 3.257900 	 3.257900 	 
1.800000 	 3.052600 	 3.052600 	 
1.900000 	 4.068400 	 4.068400 	 
2.000000 	 4.257900 	 4.257900 	 
2.100000 	 2.910700 	 2.910700 	 
2.200000 	 2.062300 	 2.062300 	 
2.300000 	 2.206100 	 2.206100 	 
2.400000 	 4.546000 	 4.546000 	 
2.500000 	 1.799500 	 1.799500 	 
2.600000 	 1.845300 	 1.845300 	 
2.700000 	 0.810960 	 0.810960 	 
2.800000 	 2.950800 	 2.950800 	 
2.900000 	 0.124140 	 0.124140 	 
3.000000 	 0.235530 	 0.235530 	 
3.100000 	 -2.103400 	 -2.103400 	 
3.200000 	 0.114450 	 0.114450 	 
3.300000 	 -1.283900 	 -1.283900 	 
3.400000 	 -1.315900 	 -1.315900 	 
3.500000 	 1.102400 	 1.102400 	 
3.600000 	 -3.172800 	 -3.172800 	 
3.700000 	 -0.992930 	 -0.992930 	 
3.800000 	 -3.172200 	 -3.172200 	 
3.900000 	 -1.763500 	 -1.763500 	 
4.000000 	 -4.533800 	 -4.533800 	 
4.100000 	 -1.692800 	 -1.692800 	 
4.200000 	 -5.885700 	 -5.885700 	 
4.300000 	 -3.463600 	 -3.463600 	 
4.400000 	 -4.026400 	 -4.026400 	 
4.500000 	 -5.371500 	 -5.371500 	 
4.600000 	 -4.459100 	 -4.459100 	 
4.700000 	 -2.907800 	 -2.907800 	 
4.800000 	 -4.961800 	 -4.961800 	 
4.900000 	 -3.761900 	 -3.761900 	 
5.000000 	 -3.987300 	 -3.987300 	 
5.100000 	 -5.896500 	 -5.896500 	 
5.200000 	 -5.502600 	 -5.502600 	 
5.300000 	 -3.645200 	 -3.645200 	 
5.400000 	 -5.184600 	 -5.184600 	 
5.500000 	 -4.109600 	 -4.109600 	 
5.600000 	 -3.161000 	 -3.161000 	 
5.700000 	 -3.901000 	 -3.901000 	 
5.800000 	 -1.190800 	 -1.190800 	 
5.900000 	 -1.606100 	 -1.606100 	 
6.000000 	 -1.957200 	 -1.957200 	 
6.100000 	 -0.867010 	 -0.867010 	 
6.200000 	 -0.939910 	 -0.939910 	 
6.300000 	 0.167520 	 0.167520 	 
6.400000 	 2.308700 	 2.308700 	 
6.500000 	 -1.092100 	 -1.092100 	 
6.600000 	 -0.235520 	 -0.235520 	 
6.700000 	 1.855500 	 1.855500 	 
6.800000 	 3.098500 	 3.098500 	 
6.900000 	 2.750800 	 2.750800 	 
7.000000 	 3.825700 	 3.825700 	 
7.100000 	 3.466300 	 3.466300 	 
7.200000 	 2.874100 	 2.874100 	 
7.300000 	 4.074500 	 4.074500 	 
7.400000 	 5.440700 	 5.440700 	 
7.500000 	 5.438900 	 5.438900 	 
7.600000 	 5.062700 	 5.062700 	 
7.700000 	 4.102400 	 4.102400 	 
7.800000 	 5.320300 	 5.320300 	 
7.900000 	 4.809700 	 4.809700 	 
8.000000 	 4.235300 	 0.678431 	 
8.100000 	 4.234100 	 0.722819 	 
8.200000 	 6.887000 	 0.808432 	 
8.300000 	 5.805800 	 0.845284 	 
8.400000 	 4.891800 	 0.870559 	 
8.500000 	 5.289000 	 0.896443 	 
8.600000 	 3.916000 	 0.901538 	 
8.700000 	 2.109100 	 0.879724 	 
8.800000 	 2.079700 	 0.854119 	 
8.900000 	 0.335760 	 0.817380 	 
9.000000 	 1.727900 	 0.797173 	 
9.100000 	 2.291000 	 0.798136 	 
9.200000 	 0.484920 	 0.738469 	 
9.300000 	 0.096449 	 0.681643 	 
9.400000 	 0.447220 	 0.631443 	 
9.500000 	 -0.946460 	 0.550035 	 
9.600000 	 -2.175700 	 0.418809 	 
9.700000 	 -2.076600 	 0.352127 	 
9.800000 	 -1.358600 	 0.296988 	 
9.900000 	 -3.312900 	 0.204721 	 
10.000000 	 -2.279900 	 0.122999 	 
10.100000 	 -2.813200 	 0.051450 	 
10.200000 	 -2.455500 	 -0.005022 	 
10.300000 	 -3.744500 	 -0.079405 	 
10.400000 	 -3.147200 	 -0.175570 	 
10.500000 	 -4.937100 	 -0.259777 	 
10.600000 	 -3.620000 	 -0.328093 	 
10.700000 	 -4.397500 	 -0.393199 	 
10.800000 	 -6.535000 	 -0.511772 	 
10.900000 	 -3.862800 	 -0.561608 	 
11.000000 	 -5.137100 	 -0.628766 	 
11.100000 	 -6.014400 	 -0.677654 	 
11.200000 	 -4.283500 	 -0.732628 	 
11.300000 	 -4.311100 	 -0.770468 	 
11.400000 	 -4.266100 	 -0.807346 	 
11.500000 	 -4.862100 	 -0.881902 	 
11.600000 	 -3.453300 	 -0.885408 	 
11.700000 	 -5.147600 	 -0.937341 	 
11.800000 	 -4.097000 	 -0.948901 	 
11.900000 	 -1.332000 	 -0.943508 	 
12.000000 	 -3.051200 	 -0.924975 	 
12.100000 	 -0.982860 	 -0.916101 	 
12.200000 	 -1.487800 	 -0.861127 	 
12.300000 	 -1.868000 	 -0.841182 	 
12.400000 	 -1.142900 	 -0.805139 	 
12.500000 	 -0.358470 	 -0.742476 	 
12.600000 	 -0.337880 	 -0.690961 	 
12.700000 	 2.141900 	 -0.627839 	 
12.800000 	 0.262800 	 -0.562532 	 
12.900000 	 0.564890 	 -0.508447 	 
13.000000 	 2.552100 	 -0.426704 	 
13.100000 	 2.975700 	 -0.315802 	 
13.200000 	 4.256000 	 -0.193819 	 
13.300000 	 0.719650 	 -0.139259 	 
13.400000 	 3.524800 	 -0.030391 	 
13.500000 	 4.380200 	 0.075731 	 
13.600000 	 3.370000 	 0.157369 	 
13.700000 	 3.954500 	 0.255563 	 
13.800000 	 5.423800 	 0.338245 	 
13.900000 	 5.486700 	 0.426905 	 
14.000000 	 5.236300 	 0.516824 	 
14.100000 	 3.514200 	 0.571589 	 
14.200000 	 5.624700 	 0.653646 	 
14.300000 	 5.172500 	 0.716209 	 
14.400000 	 6.507700 	 0.768696 	 
14.500000 	 5.375100 	 0.849536 	 
14.600000 	 3.165600 	 0.892050 	 
14.700000 	 4.865800 	 0.929679 	 
14.800000 	 3.849500 	 0.939067 	 
14.900000 	 3.558000 	 0.949157 	 
15.000000 	 3.292500 	 0.942492 	 
15.100000 	 2.600000 	 0.931663 	 
15.200000 	 2.012100 	 0.920888 	 
15.300000 	 1.184200 	 0.884759 	 
15.400000 	 -0.215070 	 0.814062 	 
15.500000 	 1.770900 	 0.768212 	 
15.600000 	 -1.414600 	 0.687246 	 
15.700000 	 1.793100 	 0.658379 	 
15.800000 	 -1.094900 	 0.578190 	 
15.900000 	 -1.173800 	 0.503396 	 
16.000000 	 -1.876300 	 0.427001 	 
16.100000 	 -1.553400 	 0.354657 	 
16.200001 	 -2.381900 	 0.238796 	 
16.299999 	 -4.189800 	 0.113851 	 
16.400000 	 -5.514500 	 -0.016228 	 
16.500000 	 -3.798300 	 -0.129819 	 
16.600000 	 -4.035200 	 -0.229209 	 
16.700001 	 -2.717500 	 -0.289542 	 
16.799999 	 -4.864700 	 -0.376347 	 
16.900000 	 -4.372000 	 -0.435194 	 
17.000000 	 -4.189800 	 -0.509165 	 
17.100000 	 -6.339400 	 -0.617045 	 
17.200001 	 -4.248700 	 -0.676215 	 
17.299999 	 -5.137800 	 -0.741644 	 
17.400000 	 -6.172700 	 -0.824392 	 
17.500000 	 -5.001600 	 -0.875082 	 
17.600000 	 -5.236400 	 -0.913341 	 
17.700001 	 -2.324300 	 -0.916437 	 
17.799999 	 -4.633200 	 -0.957369 	 
17.900000 	 -3.388300 	 -0.958312 	 
18.000000 	 -2.585700 	 -0.962134 	 
18.100000 	 -2.019100 	 -0.952208 	 
18.200001 	 -4.509300 	 -0.977881 	 
18.299999 	 -3.280400 	 -0.972079 	 
18.400000 	 -3.867700 	 -0.981086 	 
18.500000 	 -1.788800 	 -0.941732 	 
18.600000 	 -0.378370 	 -0.901211 	 
18.700001 	 -0.446570 	 -0.851825 	 
18.799999 	 -1.329400 	 -0.786755 	 
18.900000 	 2.079700 	 -0.712473 	 
19.000000 	 0.140100 	 -0.646508 	 
19.100000 	 2.668600 	 -0.537971 	 
19.200001 	 1.724200 	 -0.462875 	 
19.299999 	 3.167800 	 -0.369389 	 
19.400000 	 3.404200 	 -0.273510 	 
19.500000 	 6.331900 	 -0.133585 	 
19.600000 	 3.547100 	 -0.046080 	 
19.700001 	 3.088600 	 0.056873 	 
19.799999 	 5.342200 	 0.174863 	 
19.900000 	 4.020200 	 0.241765 	 
20.000000 	 4.160300 	 0.331909 	 
20.100000 	 4.485600 	 0.400265 	 
20.200001 	 4.663300 	 0.477153 	 
20.299999 	 5.339700 	 0.567250 	 
20.400000 	 5.863800 	 0.654833 	 
20.500000 	 3.875300 	 0.707756 	 
20.600000 	 5.684300 	 0.783033 	 
20.700001 	 3.888900 	 0.804870 	 
20.799999 	 3.763200 	 0.848625 	 
20.900000 	 1.259900 	 0.857313 	 
21.000000 	 4.380700 	 0.880170 	 
21.100000 	 4.789900 	 0.902848 	 
21.200001 	 3.630200 	 0.895026 	 
21.299999 	 3.276400 	 0.926985 	 
21.400000 	 2.775800 	 0.917622 	 
21.500000 	 3.067200 	 0.901210 	 
21.600000 	 2.686000 	 0.892660 	 
21.700001 	 1.760400 	 0.865233 	 
21.799999 	 0.956230 	 0.809389 	 
21.900000 	 -1.009100 	 0.728191 	 
22.000000 	 0.617630 	 0.670458 	 
22.100000 	 -1.901500 	 0.602762 	 
22.200001 	 -1.595800 	 0.512506 	 
22.299999 	 -2.566100 	 0.415773 	 
22.400000 	 -1.452600 	 0.316269 	 
22.500000 	 -3.729500 	 0.202462 	 
22.600000 	 -3.075100 	 0.124453 	 
22.700001 	 -2.795000 	 0.028693 	 
22.799999 	 -2.601100 	 -0.051939 	 
22.900000 	 -4.615600 	 -0.154110 	 
23.000000 	 -4.095300 	 -0.246457 	 
23.100000 	 -5.150300 	 -0.343336 	 
23.200001 	 -5.920700 	 -0.442496 	 
23.299999 	 -4.030900 	 -0.507685 	 
23.400000 	 -4.525900 	 -0.561570 	 
23.500000 	 -4.094800 	 -0.634891 	 
23.600000 	 -5.647700 	 -0.687805 	 
23.700001 	 -3.896300 	 -0.758922 	 
23.799999 	 -6.031900 	 -0.820635 	 
23.900000 	 -4.386300 	 -0.860791 	 
24.000000 	 -4.142000 	 -0.889112 	 
24.100000 	 -6.010900 	 -0.944831 	 
24.200001 	 -3.235700 	 -0.955503 	 
24.299999 	 -2.083300 	 -0.929172 	 
24.400000 	 -2.105000 	 -0.886553 	 
24.500000 	 -2.998700 	 -0.876558 	 
24.600000 	 -2.260300 	 -0.854372 	 
24.700001 	 -2.434500 	 -0.850835 	 
24.799999 	 -2.538900 	 -0.821762 	 
24.900000 	 -1.798100 	 -0.789588 	 
25.000000 	 -0.296400 	 -0.740921 	 
25.100000 	 -0.381210 	 -0.666443 	 
25.200001 	 2.489100 	 -0.582221 	 
25.299999 	 1.265500 	 -0.502180 	 
25.400000 	 1.726000 	 -0.403446 	 
25.500000 	 1.562000 	 -0.321401 	 
25.600000 	 2.177500 	 -0.228727 	 
25.700001 	 1.757800 	 -0.177701 	 
25.799999 	 4.366800 	 -0.065201 	 
25.900000 	 2.438900 	 0.007639 	 
26.000000 	 3.426800 	 0.082795 	 
26.100000 	 3.461700 	 0.151305 	 
26.200001 	 5.973900 	 0.282345 	 
26.299999 	 5.484900 	 0.391911 	 
26.400000 	 4.517600 	 0.496728 	 
26.500000 	 4.864200 	 0.579890 	 
26.600000 	 5.376500 	 0.651826 	 
26.700001 	 4.497100 	 0.713622 	 
26.799999 	 4.203600 	 0.782785 	 
26.900000 	 5.755200 	 0.828728 	 
27.000000 	 5.261200 	 0.892742 	 
27.100000 	 5.065600 	 0.922704 	 
27.200001 	 5.652400 	 0.971807 	 
27.299999 	 3.045200 	 0.970274 	 
27.400000 	 4.425700 	 0.983043 	 
27.500000 	 4.655800 	 0.962092 	 
27.600000 	 4.584100 	 0.975054 	 
27.700001 	 2.878200 	 0.972424 	 
27.799999 	 2.190500 	 0.933028 	 
27.900000 	 2.569600 	 0.914895 	 
28.000000 	 0.588540 	 0.870248 	 
28.100000 	 -1.431100 	 0.796290 	 
28.200001 	 0.795160 	 0.747938 	 
28.299999 	 -0.538330 	 0.674462 	 
28.400000 	 -0.909520 	 0.589796 	 
28.500000 	 -1.296100 	 0.525153 	 
28.600000 	 -1.426700 	 0.436266 	 
28.700001 	 -1.578500 	 0.367923 	 
28.799999 	 -3.537400 	 0.276666 	 
28.900000 	 -3.253900 	 0.220243 	 
29.000000 	 -4.216000 	 0.112785 	 
29.100000 	 -3.590600 	 0.008028 	 
29.200001 	 -5.064900 	 -0.100660 	 
29.299999 	 -5.393400 	 -0.209033 	 
29.400000 	 -4.967500 	 -0.305824 	 
29.500000 	 -4.693400 	 -0.402831 	 
29.600000 	 -5.802100 	 -0.508932 	 
29.700001 	 -5.118000 	 -0.594912 	 
29.799999 	 -5.471100 	 -0.675254 	 
29.900000 	 -4.251400 	 -0.715783 	 
30.000000 	 -4.278300 	 -0.776982 	 
30.100000 	 -3.594600 	 -0.798146 	 
30.200001 	 -6.298000 	 -0.856923 	 
30.299999 	 -5.916200 	 -0.898800 	 
30.400000 	 -2.286300 	 -0.909221 	 
30.500000 	 -4.598000 	 -0.920077 	 
30.600000 	 -3.551500 	 -0.926032 	 
30.700001 	 -2.654000 	 -0.924270 	 
30.799999 	 -2.971600 	 -0.928901 	 
30.900000 	 -3.955900 	 -0.920655 	 
31.000000 	 -2.091200 	 -0.895603 	 
31.100000 	 -2.045300 	 -0.856791 	 
31.200001 	 0.880040 	 -0.771782 	 
31.299999 	 1.060700 	 -0.708137 	 
31.400000 	 0.260180 	 -0.648311 	 
31.500000 	 -0.185890 	 -0.599449 	 
31.600000 	 1.018100 	 -0.516127 	 
31.700001 	 1.641300 	 -0.446907 	 
31.799999 	 0.792500 	 -0.361602 	 
31.900000 	 3.258500 	 -0.266042 	 
32.000000 	 2.586000 	 -0.181942 	 
32.099998 	 1.740300 	 -0.085052 	 
32.200001 	 2.532500 	 -0.012949 	 
32.299999 	 4.984300 	 0.075396 	 
32.400002 	 4.082700 	 0.152742 	 
32.500000 	 5.866900 	 0.263562 	 
32.599998 	 4.171200 	 0.343956 	 
32.700001 	 4.880500 	 0.435393 	 
32.799999 	 2.820400 	 0.502385 	 
32.900002 	 5.251300 	 0.590502 	 
33.000000 	 3.281700 	 0.635228 	 
33.099998 	 3.913400 	 0.688911 	 
33.200001 	 5.246100 	 0.723374 	 
33.299999 	 6.405900 	 0.787628 	 
33.400002 	 4.421000 	 0.821316 	 
33.500000 	 4.353800 	 0.856213 	 
33.599998 	 5.288100 	 0.895096 	 
33.700001 	 3.944200 	 0.922426 	 
33.799999 	 3.335400 	 0.909534 	 
33.900002 	 2.905500 	 0.915366 	 
34.000000 	 1.935200 	 0.896721 	 
34.099998 	 2.664700 	 0.886758 	 
34.200001 	 1.498200 	 0.830812 	 
34.299999 	 1.391000 	 0.779638 	 
34.400002 	 2.340500 	 0.752425 	 
34.500000 	 -0.584690 	 0.684313 	 
34.599998 	 -0.767400 	 0.607515 	 
34.700001 	 -0.272310 	 0.547897 	 
34.799999 	 -0.782430 	 0.485572 	 
34.900002 	 -1.428200 	 0.395779 	 
35.000000 	 -0.358660 	 0.325531 	 
35.099998 	 -3.522500 	 0.218180 	 
35.200001 	 -3.232200 	 0.107122 	 
35.299999 	 -3.976500 	 0.019351 	 
35.400002 	 -4.550900 	 -0.092857 	 
35.500000 	 -4.428100 	 -0.206405 	 
35.599998 	 -2.427000 	 -0.294044 	 
35.700001 	 -5.308500 	 -0.396378 	 
35.799999 	 -4.304400 	 -0.477564 	 
35.900002 	 -6.140200 	 -0.586436 	 
36.000000 	 -5.826900 	 -0.666629 	 
36.099998 	 -4.102300 	 -0.700019 	 
36.200001 	 -5.542500 	 -0.779240 	 
36.299999 	 -5.246900 	 -0.838097 	 
36.400002 	 -5.402200 	 -0.894256 	 
36.500000 	 -3.536500 	 -0.922261 	 
36.599998 	 -6.227300 	 -0.982268 	 
36.700001 	 -3.982500 	 -1.012318 	 
36.799999 	 -4.584500 	 -1.025407 	 
36.900002 	 -3.095000 	 -1.023421 	 
37.000000 	 -4.845900 	 -1.031295 	 
37.099998 	 -1.021800 	 -0.999184 	 
37.200001 	 -2.802500 	 -0.970905 	 
37.299999 	 0.096356 	 -0.902283 	 
37.400002 	 -2.145500 	 -0.867007 	 
37.500000 	 -1.938400 	 -0.832570 	 
37.599998 	 -0.193530 	 -0.762463 	 
37.700001 	 -0.998040 	 -0.710963 	 
37.799999 	 0.806130 	 -0.632498 	 
37.900002 	 1.439800 	 -0.561358 	 
38.000000 	 1.905400 	 -0.484062 	 
38.099998 	 2.050600 	 -0.413497 	 
38.200001 	 2.357100 	 -0.305308 	 
38.299999 	 2.070500 	 -0.205474 	 
38.400002 	 2.562200 	 -0.144868 	 
38.500000 	 5.209100 	 -0.022279 	 
38.599998 	 1.809700 	 0.044736 	 
38.700001 	 3.226600 	 0.118243 	 
38.799999 	 4.766800 	 0.214973 	 
38.900002 	 5.109400 	 0.328289 	 
39.000000 	 4.316200 	 0.408382 	 
39.099998 	 5.212300 	 0.499102 	 
39.200001 	 4.707700 	 0.546948 	 
39.299999 	 5.924500 	 0.607745 	 
39.400002 	 5.360900 	 0.671504 	 
39.500000 	 4.358500 	 0.728309 	 
39.599998 	 2.465800 	 0.746405 	 
39.700001 	 4.958200 	 0.787866 	 
39.799999 	 6.371000 	 0.857598 	 
39.900002 	 4.537400 	 0.873584 	 
40.000000 	 3.426300 	 0.884088 	 
40.099998 	 5.014600 	 0.925017 	 
40.200001 	 3.123500 	 0.932404 	 
40.299999 	 4.298100 	 0.923827 	 
40.400002 	 2.412200 	 0.902945 	 
40.500000 	 2.349100 	 0.858973 	 
40.599998 	 2.845300 	 0.842399 	 
40.700001 	 1.477000 	 0.799855 	 
40.799999 	 2.668300 	 0.797954 	 
40.900002 	 -1.522100 	 0.713287 	 
41.000000 	 -2.053200 	 0.646600 	 
41.099998 	 -0.070222 	 0.596805 	 
41.200001 	 -2.246400 	 0.503149 	 
41.299999 	 -2.163100 	 0.396036 	 
41.400002 	 -1.677600 	 0.319804 	 
41.500000 	 -2.772800 	 0.230721 	 
41.599998 	 -3.516100 	 0.120669 	 
41.700001 	 -3.350800 	 0.029481 	 
41.799999 	 -5.098600 	 -0.075944 	 
41.900002 	 -4.407900 	 -0.167361 	 
42.000000 	 -3.330700 	 -0.233185 	 
42.099998 	 -4.417200 	 -0.321709 	 
42.200001 	 -2.201000 	 -0.367949 	 
42.299999 	 -3.757800 	 -0.432309 	 
42.400002 	 -3.252100 	 -0.502216 	 
42.500000 	 -4.758000 	 -0.554383 	 
42.599998 	 -6.140100 	 -0.621541 	 
42.700001 	 -5.463700 	 -0.686434 	 
42.799999 	 -3.110200 	 -0.715531 	 
42.900002 	 -5.414800 	 -0.765364 	 
43.000000 	 -3.266100 	 -0.801706 	 
43.099998 	 -3.246500 	 -0.798257 	 
43.200001 	 -4.514300 	 -0.814283 	 
43.299999 	 -2.179600 	 -0.791821 	 
43.400002 	 -3.958600 	 -0.784418 	 
43.500000 	 -2.138300 	 -0.755795 	 
43.599998 	 -2.749100 	 -0.759821 	 
43.700001 	 -1.116700 	 -0.707424 	 
43.799999 	 -1.025600 	 -0.666439 	 
43.900002 	 -1.887800 	 -0.613284 	 
44.000000 	 1.155200 	 -0.526008 	 
44.099998 	 1.680300 	 -0.453725 	 
44.200001 	 1.506300 	 -0.365615 	 
44.299999 	 1.233700 	 -0.284608 	 
44.400002 	 0.136830 	 -0.215370 	 
44.500000 	 1.605100 	 -0.151100 	 
44.599998 	 3.196200 	 -0.033306 	 
44.700001 	 3.416700 	 0.059184 	 
44.799999 	 3.604900 	 0.161551 	 
44.900002 	 4.119500 	 0.251733 	 
45.000000 	 5.419500 	 0.380050 	 
45.099998 	 5.455600 	 0.461018 	 
45.200001 	 3.060100 	 0.534300 	 
45.299999 	 4.843800 	 0.593643 	 
45.400002 	 2.917700 	 0.656934 	 
45.500000 	 6.998300 	 0.768642 	 
45.599998 	 6.572800 	 0.853221 	 
45.700001 	 6.206300 	 0.943276 	 
45.799999 	 5.146700 	 0.997533 	 
45.900002 	 5.431000 	 1.047423 	 
46.000000 	 4.152700 	 1.075514 	 
46.099998 	 5.278300 	 1.115860 	 
46.200001 	 3.616600 	 1.131604 	 
46.299999 	 2.098800 	 1.131958 	 
46.400002 	 4.218100 	 1.152656 	 
46.500000 	 4.539100 	 1.144281 	 
46.599998 	 3.073300 	 1.160076 	 
46.700001 	 -0.623910 	 1.111945 	 
46.799999 	 2.537900 	 1.084084 	 
46.900002 	 3.403800 	 1.062764 	 
47.000000 	 -1.448200 	 0.990709 	 
47.099998 	 1.686400 	 0.946635 	 
47.200001 	 0.706670 	 0.896622 	 
47.299999 	 -1.846800 	 0.799481 	 
47.400002 	 -1.980900 	 0.707708 	 
47.500000 	 -4.159000 	 0.601240 	 
47.599998 	 0.177950 	 0.572641 	 
47.700001 	 -3.879000 	 0.462177 	 
47.799999 	 -3.103800 	 0.343742 	 
47.900002 	 -3.874200 	 0.238597 	 
48.000000 	 -3.550600 	 0.151385 	 
48.099998 	 -4.070400 	 0.037823 	 
48.200001 	 -5.806000 	 -0.073796 	 
48.299999 	 -4.623400 	 -0.185315 	 
48.400002 	 -4.783800 	 -0.275265 	 
48.500000 	 -5.284000 	 -0.370678 	 
48.599998 	 -4.682700 	 -0.464778 	 
48.700001 	 -5.743000 	 -0.555028 	 
48.799999 	 -6.175400 	 -0.665575 	 
48.900002 	 -5.236100 	 -0.712000 	 
49.000000 	 -5.426100 	 -0.754161 	 
49.099998 	 -5.895000 	 -0.826971 	 
49.200001 	 -3.661000 	 -0.844653 	 
49.299999 	 -4.440100 	 -0.873116 	 
49.400002 	 -3.314700 	 -0.893579 	 
49.500000 	 -3.814100 	 -0.906596 	 
49.599998 	 -2.666900 	 -0.895981 	 
49.700001 	 -2.050600 	 -0.879728 	 
49.799999 	 -2.188400 	 -0.843350 	 
49.900002 	 -3.015100 	 -0.825940 	 
50.000000 	 -1.614000 	 -0.804482 	 
50.099998 	 -1.843200 	 -0.772307 	 
50.200001 	 0.159280 	 -0.742803 	 
50.299999 	 -0.242080 	 -0.698857 	 
50.400002 	 -0.053134 	 -0.658870 	 
50.500000 	 1.749300 	 -0.577528 	 
50.599998 	 2.564600 	 -0.468720 	 
50.700001 	 0.939790 	 -0.388676 	 
50.799999 	 2.526100 	 -0.318222 	 
50.900002 	 3.494200 	 -0.206860 	 
51.000000 	 3.273900 	 -0.125110 	 
51.099998 	 5.560500 	 -0.015022 	 
51.200001 	 3.753200 	 0.088321 	 
51.299999 	 4.900100 	 0.176818 	 
51.400002 	 3.320900 	 0.267811 	 
51.500000 	 4.022100 	 0.344816 	 
51.599998 	 5.300500 	 0.445436 	 
51.700001 	 5.609800 	 0.529517 	 
51.799999 	 5.291000 	 0.608475 	 
51.900002 	 7.161600 	 0.721592 	 
52.000000 	 4.427400 	 0.762495 	 
52.099998 	 4.261700 	 0.794762 	 
52.200001 	 5.706500 	 0.847265 	 
52.299999 	 3.651000 	 0.877481 	 
52.400002 	 6.442900 	 0.956307 	 
52.500000 	 3.380300 	 0.978497 	 
52.599998 	 3.305600 	 0.979864 	 
52.700001 	 4.376900 	 0.991867 	 
52.799999 	 2.068300 	 0.972659 	 
52.900002 	 3.365200 	 0.963231 	 
53.000000 	 2.771700 	 0.930133 	 
53.099998 	 0.436810 	 0.867398 	 
53.200001 	 1.862000 	 0.852422 	 
53.299999 	 0.876110 	 0.802826 	 
53.400002 	 -0.520490 	 0.759849 	 
53.500000 	 -1.094600 	 0.658687 	 
53.599998 	 -0.939620 	 0.564782 	 
53.700001 	 -1.200400 	 0.472198 	 
53.799999 	 -2.741000 	 0.373602 	 
53.900002 	 -2.050100 	 0.280088 	 
54.000000 	 -2.917100 	 0.191716 	 
54.099998 	 -4.033400 	 0.075320 	 
54.200001 	 -4.579800 	 -0.027135 	 
54.299999 	 -4.457900 	 -0.109094 	 
54.400002 	 -4.993100 	 -0.224234 	 
54.500000 	 -3.367400 	 -0.323065 	 
54.599998 	 -5.783900 	 -0.433780 	 
54.700001 	 -4.675000 	 -0.484419 	 
54.799999 	 -4.400600 	 -0.571150 	 
54.900002 	 -5.953700 	 -0.688119 	 
55.000000 	 -4.630100 	 -0.727893 	 
55.099998 	 -5.445900 	 -0.817047 	 
55.200001 	 -5.760100 	 -0.897881 	 
55.299999 	 -6.203500 	 -0.952340 	 
55.400002 	 -5.510700 	 -0.996462 	 
55.500000 	 -2.618300 	 -0.977204 	 
55.599998 	 -5.634200 	 -1.049855 	 
55.700001 	 -4.405100 	 -1.056432 	 
55.799999 	 -4.558200 	 -1.074612 	 
55.900002 	 -2.259300 	 -1.054426 	 
56.000000 	 -3.525800 	 -1.054116 	 
56.099998 	 -2.612500 	 -1.035892 	 
56.200001 	 -0.985540 	 -0.975636 	 
56.299999 	 -0.299350 	 -0.921585 	 
56.400002 	 -1.833400 	 -0.884705 	 
56.500000 	 -0.434990 	 -0.824093 	 
56.599998 	 0.634830 	 -0.757624 	 
56.700001 	 0.743020 	 -0.676548 	 
56.799999 	 3.112300 	 -0.560452 	 
56.900002 	 3.015700 	 -0.457305 	 
57.000000 	 3.513900 	 -0.345555 	 
57.099998 	 0.565100 	 -0.264803 	 
57.200001 	 2.679600 	 -0.185546 	 
57.299999 	 3.173500 	 -0.090376 	 
57.400002 	 2.674100 	 -0.015516 	 
57.500000 	 3.280600 	 0.073168 	 
57.599998 	 5.065900 	 0.169828 	 
57.700001 	 3.169400 	 0.235078 	 
57.799999 	 5.917500 	 0.336402 	 
57.900002 	 6.543400 	 0.455883 	 
58.000000 	 4.977600 	 0.538278 	 
58.099998 	 6.797000 	 0.646280 	 
58.200001 	 6.590800 	 0.726674 	 
58.299999 	 4.997500 	 0.792169 	 
58.400002 	 4.404400 	 0.847888 	 
58.500000 	 5.494400 	 0.894702 	 
58.599998 	 3.769300 	 0.909761 	 
58.700001 	 4.004500 	 0.948070 	 
58.799999 	 5.086800 	 0.980079 	 
58.900002 	 2.542100 	 0.968177 	 
59.000000 	 2.486300 	 0.958332 	 
59.099998 	 3.660700 	 0.934585 	 
59.200001 	 0.516360 	 0.894124 	 
59.299999 	 2.832900 	 0.868284 	 
59.400002 	 1.335700 	 0.843469 	 
59.500000 	 0.797680 	 0.803164 	 
59.599998 	 0.296810 	 0.740618 	 
59.700001 	 -0.436420 	 0.665040 	 
59.799999 	 -0.603280 	 0.591362 	 
59.900002 	 -1.503700 	 0.483046 	 
60.000000 	 -2.312800 	 0.398793 	 
60.099998 	 -0.982290 	 0.333243 	 
60.200001 	 -2.443100 	 0.231373 	 
60.299999 	 -2.406300 	 0.155657 	 
60.400002 	 -2.693200 	 0.041456 	 
60.500000 	 -3.793500 	 -0.048217 	 
60.599998 	 -4.305600 	 -0.143357 	 
60.700001 	 -3.802500 	 -0.245600 	 
60.799999 	 -4.781100 	 -0.331217 	 
60.900002 	 -4.159000 	 -0.425270 	 
61.000000 	 -5.919800 	 -0.533913 	 
61.099998 	 -4.906200 	 -0.600701 	 
61.200001 	 -4.871400 	 -0.684868 	 
61.299999 	 -3.616800 	 -0.741030 	 
61.400002 	 -3.203700 	 -0.774570 	 
61.500000 	 -5.084500 	 -0.824444 	 
61.599998 	 -5.387500 	 -0.880042 	 
61.700001 	 -5.571400 	 -0.934680 	 
61.799999 	 -4.866400 	 -0.961247 	 
61.900002 	 -4.011100 	 -0.985760 	 
62.000000 	 -4.942300 	 -1.011075 	 
62.099998 	 -3.818400 	 -1.008387 	 
62.200001 	 -2.402000 	 -0.981165 	 
62.299999 	 -1.110800 	 -0.939326 	 
62.400002 	 -1.110800 	 -0.890797 	 
62.500000 	 -2.263800 	 -0.877002 	 
62.599998 	 -3.148000 	 -0.844053 	 
62.700001 	 -1.055600 	 -0.798811 	 
62.799999 	 0.190050 	 -0.741428 	 
62.900002 	 0.390590 	 -0.662124 	 
63.000000 	 0.231620 	 -0.601353 	 
63.099998 	 0.761610 	 -0.523759 	 
63.200001 	 2.242500 	 -0.423726 	 
63.299999 	 3.641100 	 -0.300669 	 
63.400002 	 3.317100 	 -0.190321 	 
63.500000 	 0.907120 	 -0.146253 	 
63.599998 	 2.632800 	 -0.042916 	 
63.700001 	 2.737700 	 0.046369 	 
63.799999 	 3.211500 	 0.143490 	 
63.900002 	 5.767300 	 0.243823 	 
64.000000 	 4.963100 	 0.349934 	 
64.099998 	 4.796700 	 0.442549 	 
64.199997 	 4.778300 	 0.514597 	 
64.300003 	 3.073700 	 0.556760 	 
64.400002 	 4.705400 	 0.638495 	 
64.500000 	 4.366400 	 0.698513 	 
64.599998 	 4.739400 	 0.749820 	 
64.699997 	 3.984400 	 0.790337 	 
64.800003 	 5.272500 	 0.817339 	 
64.900002 	 4.067500 	 0.830487 	 
65.000000 	 4.385600 	 0.841383 	 
65.099998 	 4.411200 	 0.889459 	 
65.199997 	 3.525800 	 0.900037 	 
65.300003 	 3.148900 	 0.899729 	 
65.400002 	 3.625100 	 0.911617 	 
65.500000 	 3.209100 	 0.910723 	 
65.599998 	 0.559750 	 0.854396 	 
65.699997 	 0.078394 	 0.815759 	 
65.800003 	 2.222000 	 0.769565 	 
65.900002 	 0.089518 	 0.688891 	 
66.000000 	 0.034930 	 0.627108 	 
66.099998 	 -0.401010 	 0.537133 	 
66.199997 	 -1.366000 	 0.437673 	 
66.300003 	 -1.472700 	 0.356795 	 
66.400002 	 -2.460600 	 0.270983 	 
66.500000 	 -1.434700 	 0.184369 	 
66.599998 	 -2.361800 	 0.107730 	 
66.699997 	 -4.079700 	 0.006678 	 
66.800003 	 -3.014500 	 -0.094589 	 
66.900002 	 -5.309500 	 -0.192734 	 
67.000000 	 -5.443600 	 -0.291857 	 
67.099998 	 -5.716500 	 -0.409072 	 
67.199997 	 -4.912700 	 -0.476935 	 
67.300003 	 -4.352400 	 -0.566752 	 
67.400002 	 -4.022700 	 -0.633732 	 
67.500000 	 -5.569200 	 -0.713318 	 
67.599998 	 -5.797500 	 -0.789496 	 
67.699997 	 -4.765000 	 -0.843604 	 
67.800003 	 -4.197200 	 -0.888528 	 
67.900002 	 -5.825400 	 -0.942549 	 
68.000000 	 -4.903200 	 -0.974929 	 
68.099998 	 -4.166100 	 -1.014727 	 
68.199997 	 -4.407500 	 -1.039282 	 
68.300003 	 -3.875100 	 -1.057642 	 
68.400002 	 -3.800900 	 -1.071488 	 
68.500000 	 -1.248200 	 -1.039672 	 
68.599998 	 -4.281400 	 -1.039369 	 
68.699997 	 -1.913700 	 -1.015759 	 
68.800003 	 0.230240 	 -0.953117 	 
68.900002 	 -1.417000 	 -0.918842 	 
69.000000 	 -0.368560 	 -0.849452 	 
69.099998 	 -2.096200 	 -0.814327 	 
69.199997 	 -1.199300 	 -0.768426 	 
69.300003 	 -0.554430 	 -0.730146 	 
69.400002 	 2.972500 	 -0.652944 	 
69.500000 	 2.650200 	 -0.556260 	 
69.599998 	 1.808000 	 -0.466316 	 
69.699997 	 3.021300 	 -0.358907 	 
69.800003 	 5.066300 	 -0.234749 	 
69.900002 	 2.668600 	 -0.151252 	 
70.000000 	 4.347100 	 -0.035135 	 
70.099998 	 4.979800 	 0.074843 	 
70.199997 	 3.195800 	 0.144815 	 
70.300003 	 3.406900 	 0.201287 	 
70.400002 	 5.142300 	 0.279450 	 
70.500000 	 5.521200 	 0.376763 	 
70.599998 	 3.551700 	 0.460509 	 
70.699997 	 6.073700 	 0.549625 	 
70.800003 	 4.542900 	 0.604036 	 
70.900002 	 3.047700 	 0.637250 	 
71.000000 	 4.981200 	 0.696620 	 
71.099998 	 5.870900 	 0.760486 	 
71.199997 	 4.088600 	 0.783562 	 
71.300003 	 5.491900 	 0.806697 	 
71.400002 	 4.528900 	 0.821844 	 
71.500000 	 2.075200 	 0.836445 	 
71.599998 	 2.205700 	 0.831107 	 
71.699997 	 2.596200 	 0.829338 	 
71.800003 	 3.399500 	 0.831688 	 
71.900002 	 2.255900 	 0.787795 	 
72.000000 	 -0.128440 	 0.724151 	 
72.099998 	 2.159600 	 0.691187 	 
72.199997 	 0.475710 	 0.637405 	 
72.300003 	 0.649860 	 0.607107 	 
72.400002 	 -1.300100 	 0.532038 	 
72.500000 	 -2.217400 	 0.449741 	 
72.599998 	 -2.657500 	 0.357280 	 
72.699997 	 -1.057900 	 0.294251 	 
72.800003 	 -4.614100 	 0.170668 	 
72.900002 	 -2.976000 	 0.082625 	 
73.000000 	 -3.964500 	 -0.021752 	 
73.099998 	 -4.183600 	 -0.129187 	 
73.199997 	 -4.621700 	 -0.231030 	 
73.300003 	 -4.599100 	 -0.327880 	 
73.400002 	 -4.307500 	 -0.427038 	 
73.500000 	 -5.451500 	 -0.535295 	 
73.599998 	 -5.811300 	 -0.614933 	 
73.699997 	 -6.448500 	 -0.696520 	 
73.800003 	 -6.073200 	 -0.800210 	 
73.900002 	 -3.645100 	 -0.846892 	 
74.000000 	 -5.376100 	 -0.914531 	 
74.099998 	 -6.401600 	 -0.989538 	 
74.199997 	 -5.542800 	 -1.041748 	 
74.300003 	 -4.146200 	 -1.075167 	 
74.400002 	 -4.315100 	 -1.098348 	 
74.500000 	 -3.844100 	 -1.128465 	 
74.599998 	 -3.933000 	 -1.148105 	 
74.699997 	 -1.884300 	 -1.120663 	 
74.800003 	 -3.529000 	 -1.127094 	 
74.900002 	 -3.189400 	 -1.100593 	 
75.000000 	 -3.794000 	 -1.079973 	 
75.099998 	 -1.624400 	 -1.028822 	 
75.199997 	 -1.320700 	 -0.983922 	 
75.300003 	 0.050078 	 -0.928891 	 
75.400002 	 -0.547640 	 -0.885452 	 
75.500000 	 -0.654610 	 -0.824020 	 
75.599998 	 -0.971270 	 -0.763692 	 
75.699997 	 4.337900 	 -0.649906 	 
75.800003 	 2.337000 	 -0.568228 	 
75.900002 	 4.453000 	 -0.439748 	 
76.000000 	 3.241300 	 -0.337942 	 
76.099998 	 1.763300 	 -0.263825 	 
76.199997 	 4.588400 	 -0.151376 	 
76.300003 	 3.501500 	 -0.059168 	 
76.400002 	 5.428100 	 0.056194 	 
76.500000 	 5.489900 	 0.140420 	 
76.599998 	 5.330700 	 0.260571 	 
76.699997 	 5.172300 	 0.349146 	 
76.800003 	 4.724600 	 0.405326 	 
76.900002 	 6.824100 	 0.508340 	 
77.000000 	 4.864800 	 0.573757 	 
77.099998 	 3.735000 	 0.646647 	 
77.199997 	 3.603200 	 0.706678 	 
77.300003 	 4.873500 	 0.774527 	 
77.400002 	 3.722700 	 0.783905 	 
77.500000 	 2.700200 	 0.784530 	 
77.599998 	 3.699600 	 0.808175 	 
77.699997 	 4.363100 	 0.824948 	 
77.800003 	 4.335000 	 0.815806 	 
77.900002 	 2.905700 	 0.818770 	 
78.000000 	 1.840000 	 0.787431 	 
78.099998 	 1.631900 	 0.745582 	 
78.199997 	 0.183940 	 0.707934 	 
78.300003 	 1.407500 	 0.682942 	 
78.400002 	 -0.074548 	 0.617731 	 
78.500000 	 -0.438100 	 0.543240 	 
78.599998 	 -0.776150 	 0.489142 	 
78.699997 	 -1.071200 	 0.399830 	 
78.800003 	 -0.914850 	 0.331609 	 
78.900002 	 -1.814400 	 0.270832 	 
79.000000 	 -1.001400 	 0.196050 	 
79.099998 	 -3.046000 	 0.084589 	 
79.199997 	 -2.519100 	 0.001992 	 
79.300003 	 -4.570400 	 -0.123786 	 
79.400002 	 -4.992500 	 -0.242804 	 
79.500000 	 -6.009600 	 -0.343864 	 
79.599998 	 -4.897700 	 -0.432656 	 
79.699997 	 -4.641200 	 -0.523124 	 
79.800003 	 -5.017700 	 -0.628339 	 
79.900002 	 -4.536400 	 -0.713243 	 
80.000000 	 -4.694100 	 -0.770314 	 
80.099998 	 -6.068100 	 -0.873160 	 
80.199997 	 -3.369700 	 -0.921227 	 
80.300003 	 -3.836700 	 -0.977309 	 
80.400002 	 -4.085200 	 -1.012123 	 
80.500000 	 -5.003200 	 -1.046946 	 
80.599998 	 -2.967800 	 -1.050824 	 
80.699997 	 -3.478500 	 -1.081082 	 
80.800003 	 -2.696700 	 -1.057114 	 
80.900002 	 -4.269700 	 -1.073286 	 
81.000000 	 -1.937900 	 -1.047953 	 
81.099998 	 -2.939100 	 -1.032397 	 
81.199997 	 -3.030800 	 -1.012511 	 
81.300003 	 -2.871500 	 -0.990916 	 
81.400002 	 -2.111300 	 -0.963463 	 
81.500000 	 -2.510300 	 -0.926698 	 
81.599998 	 -1.014500 	 -0.866738 	 
81.699997 	 -0.866830 	 -0.796967 	 
81.800003 	 1.488700 	 -0.702443 	 
81.900002 	 2.608100 	 -0.624279 	 
82.000000 	 1.036800 	 -0.544117 	 
82.099998 	 1.894600 	 -0.440415 	 
82.199997 	 1.544900 	 -0.351819 	 
82.300003 	 3.936700 	 -0.250782 	 
82.400002 	 1.925500 	 -0.172775 	 
82.500000 	 5.023300 	 -0.061932 	 
82.599998 	 4.620000 	 0.044980 	 
82.699997 	 2.348100 	 0.097885 	 
82.800003 	 3.948100 	 0.191349 	 
82.900002 	 4.285300 	 0.284783 	 
83.000000 	 5.366900 	 0.399294 	 
83.099998 	 6.181500 	 0.496868 	 
83.199997 	 4.924900 	 0.574938 	 
83.300003 	 4.421400 	 0.629579 	 
83.400002 	 2.351800 	 0.665822 	 
83.500000 	 4.235200 	 0.726945 	 
83.599998 	 5.816300 	 0.811789 	 
83.699997 	 3.769000 	 0.804678 	 
83.800003 	 4.856200 	 0.836168 	 
83.900002 	 4.367000 	 0.835093 	 
84.000000 	 2.128800 	 0.821187 	 
84.099998 	 3.069000 	 0.837508 	 
84.199997 	 3.760300 	 0.827157 	 
84.300003 	 2.979200 	 0.820628 	 
84.400002 	 2.690800 	 0.786412 	 
84.500000 	 1.637500 	 0.738257 	 
84.599998 	 0.172690 	 0.673782 	 
84.699997 	 1.085900 	 0.622702 	 
84.800003 	 0.300220 	 0.567397 	 
84.900002 	 -0.667090 	 0.473757 	 
85.000000 	 -2.420600 	 0.382690 	 
85.099998 	 -1.343600 	 0.319207 	 
85.199997 	 -2.695900 	 0.240469 	 
85.300003 	 -0.676880 	 0.171089 	 
85.400002 	 -2.270300 	 0.096176 	 
85.500000 	 -1.324300 	 0.045870 	 
85.599998 	 -3.399400 	 -0.042867 	 
85.699997 	 -4.128900 	 -0.149018 	 
85.800003 	 -4.730700 	 -0.262339 	 
85.900002 	 -4.978700 	 -0.360894 	 
86.000000 	 -5.013500 	 -0.446562 	 
86.099998 	 -3.387400 	 -0.509304 	 
86.199997 	 -6.059900 	 -0.587352 	 
86.300003 	 -4.257200 	 -0.658160 	 
86.400002 	 -5.109000 	 -0.721091 	 
86.500000 	 -3.479100 	 -0.759104 	 
86.599998 	 -6.258300 	 -0.827631 	 
86.699997 	 -4.457400 	 -0.869958 	 
86.800003 	 -5.618900 	 -0.928759 	 
86.900002 	 -4.903500 	 -0.967373 	 
87.000000 	 -4.141300 	 -1.006621 	 
87.099998 	 -4.300500 	 -1.022302 	 
87.199997 	 -3.096500 	 -1.029520 	 
87.300003 	 -3.067800 	 -1.010737 	 
87.400002 	 -2.351200 	 -0.977721 	 
87.500000 	 -3.695100 	 -0.948790 	 
87.599998 	 -2.135800 	 -0.914266 	 
87.699997 	 -1.830700 	 -0.879135 	 
87.800003 	 -0.853410 	 -0.827081 	 
87.900002 	 -0.388390 	 -0.775231 	 
88.000000 	 0.987570 	 -0.704210 	 
88.099998 	 0.795850 	 -0.618411 	 
88.199997 	 2.379100 	 -0.546551 	 
88.300003 	 2.802400 	 -0.463562 	 
88.400002 	 0.693390 	 -0.403830 	 
88.500000 	 1.389400 	 -0.323922 	 
88.599998 	 2.151000 	 -0.259937 	 
88.699997 	 3.529100 	 -0.172342 	 
88.800003 	 2.499100 	 -0.107395 	 
88.900002 	 4.259000 	 -0.000786 	 
89.000000 	 4.690300 	 0.082066 	 
89.099998 	 4.385800 	 0.173628 	 
89.199997 	 4.300700 	 0.265271 	 
89.300003 	 6.514300 	 0.382594 	 
89.400002 	 4.676800 	 0.467445 	 
89.500000 	 5.703300 	 0.570115 	 
89.599998 	 4.446200 	 0.638374 	 
89.699997 	 6.140700 	 0.725968 	 
89.800003 	 2.916200 	 0.743812 	 
89.900002 	 4.160500 	 0.763217 	 
90.000000 	 4.473500 	 0.806175 	 
90.099998 	 2.231300 	 0.810384 	 
90.199997 	 7.027500 	 0.878917 	 
90.300003 	 3.388100 	 0.872059 	 
90.400002 	 5.461300 	 0.916257 	 
90.500000 	 3.501500 	 0.897234 	 
90.599998 	 2.319700 	 0.868481 	 
90.699997 	 0.495550 	 0.845324 	 
90.800003 	 0.976080 	 0.808173 	 
90.900002 	 1.263600 	 0.770402 	 
91.000000 	 -1.498400 	 0.684586 	 
91.099998 	 -0.538100 	 0.600591 	 
91.199997 	 0.115750 	 0.540477 	 
91.300003 	 -0.178740 	 0.482975 	 
91.400002 	 -1.571200 	 0.433937 	 
91.500000 	 -3.135000 	 0.341810 	 
91.599998 	 -3.705200 	 0.222791 	 
91.699997 	 -2.747100 	 0.141340 	 
91.800003 	 -3.043600 	 0.042592 	 
91.900002 	 -1.778200 	 -0.034223 	 
92.000000 	 -3.443700 	 -0.103879 	 
92.099998 	 -4.152900 	 -0.194153 	 
92.199997 	 -4.335300 	 -0.295348 	 
92.300003 	 -4.902000 	 -0.393863 	 
92.400002 	 -5.438100 	 -0.495474 	 
92.500000 	 -3.981900 	 -0.565716 	 
92.599998 	 -5.165600 	 -0.632445 	 
92.699997 	 -4.742600 	 -0.705301 	 
92.800003 	 -4.628700 	 -0.766913 	 
92.900002 	 -5.752900 	 -0.830485 	 
93.000000 	 -5.759900 	 -0.872226 	 
93.099998 	 -5.106000 	 -0.919257 	 
93.199997 	 -6.506200 	 -0.966885 	 
93.300003 	 -3.469100 	 -1.001788 	 
93.400002 	 -2.955800 	 -1.010357 	 
93.500000 	 -2.066300 	 -1.019632 	 
93.599998 	 -4.611600 	 -1.034784 	 
93.699997 	 -1.435400 	 -1.001115 	 
93.800003 	 -3.647100 	 -0.987570 	 
93.900002 	 -2.353600 	 -0.954757 	 
94.000000 	 -1.446900 	 -0.910174 	 
94.099998 	 -2.435700 	 -0.898278 	 
94.199997 	 0.287740 	 -0.818932 	 
94.300003 	 0.264590 	 -0.762410 	 
94.400002 	 0.669330 	 -0.690181 	 
94.500000 	 -0.243650 	 -0.649738 	 
94.599998 	 2.216200 	 -0.543806 	 
94.699997 	 1.766600 	 -0.466006 	 
94.800003 	 4.083600 	 -0.344725 	 
94.900002 	 4.420600 	 -0.228174 	 
95.000000 	 3.288000 	 -0.135308 	 
95.099998 	 3.949700 	 -0.032180 	 
95.199997 	 5.260800 	 0.072286 	 
95.300003 	 5.666800 	 0.181468 	 
95.400002 	 4.671000 	 0.269246 	 
95.500000 	 7.080600 	 0.403942 	 
95.599998 	 5.715200 	 0.502079 	 
95.699997 	 6.267800 	 0.603311 	 
95.800003 	 4.537400 	 0.670696 	 
95.900002 	 3.550700 	 0.719934 	 
96.000000 	 5.998100 	 0.782566 	 
96.099998 	 5.415900 	 0.840317 	 
96.199997 	 5.356500 	 0.877534 	 
96.300003 	 3.609300 	 0.887621 	 
96.400002 	 3.567100 	 0.923542 	 
96.500000 	 4.985200 	 0.968489 	 
96.599998 	 3.139200 	 0.980842 	 
96.699997 	 4.724800 	 0.995788 	 
96.800003 	 1.994800 	 0.989484 	 
96.900002 	 4.297400 	 0.989964 	 
97.000000 	 0.163590 	 0.933380 	 
97.099998 	 -1.010900 	 0.865922 	 
97.199997 	 1.150900 	 0.826549 	 
97.300003 	 2.269600 	 0.773490 	 
97.400002 	 0.974500 	 0.727212 	 
97.500000 	 0.563770 	 0.662967 	 
97.599998 	 -1.267200 	 0.591550 	 
97.699997 	 -1.333200 	 0.498126 	 
97.800003 	 -1.704500 	 0.440368 	 
97.900002 	 -3.678800 	 0.342376 	 
98.000000 	 -1.246100 	 0.270881 	 
98.099998 	 -3.641200 	 0.197475 	 
98.199997 	 -3.157600 	 0.070161 	 
98.300003 	 -4.297400 	 -0.025907 	 
98.400002 	 -2.379700 	 -0.123920 	 
98.500000 	 -2.950800 	 -0.204574 	 
98.599998 	 -3.959700 	 -0.283066 	 
98.699997 	 -5.225100 	 -0.354574 	 
98.800003 	 -6.214100 	 -0.444451 	 
98.900002 	 -4.689600 	 -0.518866 	 
99.000000 	 -3.862300 	 -0.548415 	 
99.099998 	 -5.086300 	 -0.605268 	 
99.199997 	 -6.314400 	 -0.685644 	 
99.300003 	 -2.694100 	 -0.717086 	 
99.400002 	 -5.776500 	 -0.769653 	 
99.500000 	 -2.695200 	 -0.764155 	 
99.599998 	 -3.246800 	 -0.758425 	 
99.699997 	 -3.434900 	 -0.767023 	 
99.800003 	 -3.223300 	 -0.769269 	 
99.900002 	 -2.541900 	 -0.778815 	 
100.000000 	 -2.949300 	 -0.772635 	 
