0.000000 	 -0.275940 	 -0.275940 	 
0.100000 	 0.683070 	 0.683070 	 
0.200000 	 0.037993 	 0.037993 	 
0.300000 	 2.857600 	 2.857600 	 
0.400000 	 2.869800 	 2.869800 	 
0.500000 	 3.218300 	 3.218300 	 
0.600000 	 3.508400 	 3.508400 	 
0.700000 	 3.854200 	 2.432766 	 
0.800000 	 4.128100 	 2.924913 	 
0.900000 	 3.274900 	 3.387329 	 
1.000000 	 3.344400 	 3.456872 	 
1.100000 	 2.214000 	 3.363186 	 
1.200000 	 5.258300 	 3.654614 	 
1.300000 	 4.642500 	 3.816629 	 
1.400000 	 4.463200 	 3.903629 	 
1.500000 	 5.566200 	 4.109071 	 
1.600000 	 8.322400 	 4.830142 	 
1.700000 	 3.257900 	 4.817786 	 
1.800000 	 3.052600 	 4.937585 	 
1.900000 	 4.068400 	 4.767600 	 
2.000000 	 4.257900 	 4.712657 	 
2.100000 	 2.910700 	 4.490871 	 
2.200000 	 2.062300 	 3.990314 	 
2.300000 	 2.206100 	 3.116557 	 
2.400000 	 4.546000 	 3.300571 	 
2.500000 	 1.799500 	 3.121557 	 
2.600000 	 1.845300 	 2.803972 	 
2.700000 	 0.810960 	 2.311552 	 
2.800000 	 2.950800 	 2.317280 	 
2.900000 	 0.124140 	 2.040400 	 
3.000000 	 0.235530 	 1.758890 	 
3.100000 	 -2.103400 	 0.808976 	 
3.200000 	 0.114450 	 0.568254 	 
3.300000 	 -1.283900 	 0.121226 	 
3.400000 	 -1.315900 	 -0.182611 	 
3.500000 	 1.102400 	 -0.446669 	 
3.600000 	 -3.172800 	 -0.917660 	 
3.700000 	 -0.992930 	 -1.093154 	 
3.800000 	 -3.172200 	 -1.245840 	 
3.900000 	 -1.763500 	 -1.514119 	 
4.000000 	 -4.533800 	 -1.978390 	 
4.100000 	 -1.692800 	 -2.032233 	 
4.200000 	 -5.885700 	 -3.030533 	 
4.300000 	 -3.463600 	 -3.072076 	 
4.400000 	 -4.026400 	 -3.505429 	 
4.500000 	 -5.371500 	 -3.819614 	 
4.600000 	 -4.459100 	 -4.204700 	 
4.700000 	 -2.907800 	 -3.972414 	 
4.800000 	 -4.961800 	 -4.439414 	 
4.900000 	 -3.761900 	 -4.136014 	 
5.000000 	 -3.987300 	 -4.210828 	 
5.100000 	 -5.896500 	 -4.477986 	 
5.200000 	 -5.502600 	 -4.496715 	 
5.300000 	 -3.645200 	 -4.380443 	 
5.400000 	 -5.184600 	 -4.705700 	 
5.500000 	 -4.109600 	 -4.583957 	 
5.600000 	 -3.161000 	 -4.498115 	 
5.700000 	 -3.901000 	 -4.485786 	 
5.800000 	 -1.190800 	 -3.813543 	 
5.900000 	 -1.606100 	 -3.256900 	 
6.000000 	 -1.957200 	 -3.015757 	 
6.100000 	 -0.867010 	 -2.398958 	 
6.200000 	 -0.939910 	 -1.946146 	 
6.300000 	 0.167520 	 -1.470643 	 
6.400000 	 2.308700 	 -0.583543 	 
6.500000 	 -1.092100 	 -0.569443 	 
6.600000 	 -0.235520 	 -0.373646 	 
6.700000 	 1.855500 	 0.171026 	 
6.800000 	 3.098500 	 0.737527 	 
6.900000 	 2.750800 	 1.264771 	 
7.000000 	 3.825700 	 1.787369 	 
7.100000 	 3.466300 	 1.952740 	 
7.200000 	 2.874100 	 2.519340 	 
7.300000 	 4.074500 	 3.135057 	 
7.400000 	 5.440700 	 3.647228 	 
7.500000 	 5.438900 	 3.981572 	 
7.600000 	 5.062700 	 4.311843 	 
7.700000 	 4.102400 	 4.351372 	 
7.800000 	 5.320300 	 4.616229 	 
7.900000 	 4.809700 	 4.892743 	 
8.000000 	 4.235300 	 4.915714 	 
8.100000 	 4.234100 	 4.743343 	 
8.200000 	 6.887000 	 4.950214 	 
8.300000 	 5.805800 	 5.056371 	 
8.400000 	 4.891800 	 5.169143 	 
8.500000 	 5.289000 	 5.164672 	 
8.600000 	 3.916000 	 5.037000 	 
8.700000 	 2.109100 	 4.733257 	 
8.800000 	 2.079700 	 4.425485 	 
8.900000 	 0.335760 	 3.489594 	 
9.000000 	 1.727900 	 2.907037 	 
9.100000 	 2.291000 	 2.535494 	 
9.200000 	 0.484920 	 1.849197 	 
9.300000 	 0.096449 	 1.303547 	 
9.400000 	 0.447220 	 1.066136 	 
9.500000 	 -0.946460 	 0.633827 	 
9.600000 	 -2.175700 	 0.275047 	 
9.700000 	 -2.076600 	 -0.268453 	 
9.800000 	 -1.358600 	 -0.789824 	 
9.900000 	 -3.312900 	 -1.332370 	 
10.000000 	 -2.279900 	 -1.671849 	 
10.100000 	 -2.813200 	 -2.137623 	 
10.200000 	 -2.455500 	 -2.353200 	 
10.300000 	 -3.744500 	 -2.577314 	 
10.400000 	 -3.147200 	 -2.730257 	 
10.500000 	 -4.937100 	 -3.241472 	 
10.600000 	 -3.620000 	 -3.285343 	 
10.700000 	 -4.397500 	 -3.587857 	 
10.800000 	 -6.535000 	 -4.119543 	 
10.900000 	 -3.862800 	 -4.320585 	 
11.000000 	 -5.137100 	 -4.519528 	 
11.100000 	 -6.014400 	 -4.929128 	 
11.200000 	 -4.283500 	 -4.835757 	 
11.300000 	 -4.311100 	 -4.934486 	 
11.400000 	 -4.266100 	 -4.915715 	 
11.500000 	 -4.862100 	 -4.676729 	 
11.600000 	 -3.453300 	 -4.618229 	 
11.700000 	 -5.147600 	 -4.619729 	 
11.800000 	 -4.097000 	 -4.345815 	 
11.900000 	 -1.332000 	 -3.924171 	 
12.000000 	 -3.051200 	 -3.744186 	 
12.100000 	 -0.982860 	 -3.275152 	 
12.200000 	 -1.487800 	 -2.793109 	 
12.300000 	 -1.868000 	 -2.566637 	 
12.400000 	 -1.142900 	 -1.994537 	 
12.500000 	 -0.358470 	 -1.460461 	 
12.600000 	 -0.337880 	 -1.318444 	 
12.700000 	 2.141900 	 -0.576573 	 
12.800000 	 0.262800 	 -0.398621 	 
12.900000 	 0.564890 	 -0.105380 	 
13.000000 	 2.552100 	 0.526063 	 
13.100000 	 2.975700 	 1.114434 	 
13.200000 	 4.256000 	 1.773644 	 
13.300000 	 0.719650 	 1.924720 	 
13.400000 	 3.524800 	 2.122277 	 
13.500000 	 4.380200 	 2.710477 	 
13.600000 	 3.370000 	 3.111207 	 
13.700000 	 3.954500 	 3.311550 	 
13.800000 	 5.423800 	 3.661278 	 
13.900000 	 5.486700 	 3.837093 	 
14.000000 	 5.236300 	 4.482328 	 
14.100000 	 3.514200 	 4.480814 	 
14.200000 	 5.624700 	 4.658600 	 
14.300000 	 5.172500 	 4.916100 	 
14.400000 	 6.507700 	 5.280843 	 
14.500000 	 5.375100 	 5.273885 	 
14.600000 	 3.165600 	 4.942300 	 
14.700000 	 4.865800 	 4.889371 	 
14.800000 	 3.849500 	 4.937272 	 
14.900000 	 3.558000 	 4.642028 	 
15.000000 	 3.292500 	 4.373457 	 
15.100000 	 2.600000 	 3.815214 	 
15.200000 	 2.012100 	 3.334785 	 
15.300000 	 1.184200 	 3.051729 	 
15.400000 	 -0.215070 	 2.325890 	 
15.500000 	 1.770900 	 2.028947 	 
15.600000 	 -1.414600 	 1.318576 	 
15.700000 	 1.793100 	 1.104376 	 
15.800000 	 -1.094900 	 0.576533 	 
15.900000 	 -1.173800 	 0.121404 	 
16.000000 	 -1.876300 	 -0.315810 	 
16.100000 	 -1.553400 	 -0.507000 	 
16.200001 	 -2.381900 	 -1.100257 	 
16.299999 	 -4.189800 	 -1.496714 	 
16.400000 	 -5.514500 	 -2.540657 	 
16.500000 	 -3.798300 	 -2.926857 	 
16.600000 	 -4.035200 	 -3.335629 	 
16.700001 	 -2.717500 	 -3.455800 	 
16.799999 	 -4.864700 	 -3.928843 	 
16.900000 	 -4.372000 	 -4.213143 	 
17.000000 	 -4.189800 	 -4.213143 	 
17.100000 	 -6.339400 	 -4.330986 	 
17.200001 	 -4.248700 	 -4.395329 	 
17.299999 	 -5.137800 	 -4.552843 	 
17.400000 	 -6.172700 	 -5.046443 	 
17.500000 	 -5.001600 	 -5.066000 	 
17.600000 	 -5.236400 	 -5.189486 	 
17.700001 	 -2.324300 	 -4.922986 	 
17.799999 	 -4.633200 	 -4.679244 	 
17.900000 	 -3.388300 	 -4.556329 	 
18.000000 	 -2.585700 	 -4.191743 	 
18.100000 	 -2.019100 	 -3.598372 	 
18.200001 	 -4.509300 	 -3.528043 	 
18.299999 	 -3.280400 	 -3.248615 	 
18.400000 	 -3.867700 	 -3.469100 	 
18.500000 	 -1.788800 	 -3.062757 	 
18.600000 	 -0.378370 	 -2.632767 	 
18.700001 	 -0.446570 	 -2.327177 	 
18.799999 	 -1.329400 	 -2.228649 	 
18.900000 	 2.079700 	 -1.287363 	 
19.000000 	 0.140100 	 -0.798720 	 
19.100000 	 2.668600 	 0.135037 	 
19.200001 	 1.724200 	 0.636894 	 
19.299999 	 3.167800 	 1.143490 	 
19.400000 	 3.404200 	 1.693600 	 
19.500000 	 6.331900 	 2.788071 	 
19.600000 	 3.547100 	 2.997700 	 
19.700001 	 3.088600 	 3.418914 	 
19.799999 	 5.342200 	 3.800857 	 
19.900000 	 4.020200 	 4.128857 	 
20.000000 	 4.160300 	 4.270643 	 
20.100000 	 4.485600 	 4.425128 	 
20.200001 	 4.663300 	 4.186757 	 
20.299999 	 5.339700 	 4.442842 	 
20.400000 	 5.863800 	 4.839300 	 
20.500000 	 3.875300 	 4.629743 	 
20.600000 	 5.684300 	 4.867471 	 
20.700001 	 3.888900 	 4.828700 	 
20.799999 	 3.763200 	 4.725501 	 
20.900000 	 1.259900 	 4.239300 	 
21.000000 	 4.380700 	 4.102300 	 
21.100000 	 4.789900 	 3.948885 	 
21.200001 	 3.630200 	 3.913872 	 
21.299999 	 3.276400 	 3.569886 	 
21.400000 	 2.775800 	 3.410872 	 
21.500000 	 3.067200 	 3.311443 	 
21.600000 	 2.686000 	 3.515172 	 
21.700001 	 1.760400 	 3.140843 	 
21.799999 	 0.956230 	 2.593176 	 
21.900000 	 -1.009100 	 1.930419 	 
22.000000 	 0.617630 	 1.550594 	 
22.100000 	 -1.901500 	 0.882409 	 
22.200001 	 -1.595800 	 0.216266 	 
22.299999 	 -2.566100 	 -0.534034 	 
22.400000 	 -1.452600 	 -0.993034 	 
22.500000 	 -3.729500 	 -1.662424 	 
22.600000 	 -3.075100 	 -1.957567 	 
22.700001 	 -2.795000 	 -2.445086 	 
22.799999 	 -2.601100 	 -2.545028 	 
22.900000 	 -4.615600 	 -2.976429 	 
23.000000 	 -4.095300 	 -3.194886 	 
23.100000 	 -5.150300 	 -3.723129 	 
23.200001 	 -5.920700 	 -4.036157 	 
23.299999 	 -4.030900 	 -4.172700 	 
23.400000 	 -4.525900 	 -4.419971 	 
23.500000 	 -4.094800 	 -4.633357 	 
23.600000 	 -5.647700 	 -4.780800 	 
23.700001 	 -3.896300 	 -4.752371 	 
23.799999 	 -6.031900 	 -4.878314 	 
23.900000 	 -4.386300 	 -4.659114 	 
24.000000 	 -4.142000 	 -4.674985 	 
24.100000 	 -6.010900 	 -4.887128 	 
24.200001 	 -3.235700 	 -4.764400 	 
24.299999 	 -2.083300 	 -4.255200 	 
24.400000 	 -2.105000 	 -3.999300 	 
24.500000 	 -2.998700 	 -3.565985 	 
24.600000 	 -2.260300 	 -3.262271 	 
24.700001 	 -2.434500 	 -3.018343 	 
24.799999 	 -2.538900 	 -2.522343 	 
24.900000 	 -1.798100 	 -2.316971 	 
25.000000 	 -0.296400 	 -2.061700 	 
25.100000 	 -0.381210 	 -1.815444 	 
25.200001 	 2.489100 	 -1.031473 	 
25.299999 	 1.265500 	 -0.527787 	 
25.400000 	 1.726000 	 0.066570 	 
25.500000 	 1.562000 	 0.652413 	 
25.600000 	 2.177500 	 1.220356 	 
25.700001 	 1.757800 	 1.513813 	 
25.799999 	 4.366800 	 2.192100 	 
25.900000 	 2.438900 	 2.184928 	 
26.000000 	 3.426800 	 2.493686 	 
26.100000 	 3.461700 	 2.741643 	 
26.200001 	 5.973900 	 3.371914 	 
26.299999 	 5.484900 	 3.844400 	 
26.400000 	 4.517600 	 4.238657 	 
26.500000 	 4.864200 	 4.309714 	 
26.600000 	 5.376500 	 4.729372 	 
26.700001 	 4.497100 	 4.882271 	 
26.799999 	 4.203600 	 4.988257 	 
26.900000 	 5.755200 	 4.957015 	 
27.000000 	 5.261200 	 4.925057 	 
27.100000 	 5.065600 	 5.003343 	 
27.200001 	 5.652400 	 5.115943 	 
27.299999 	 3.045200 	 4.782900 	 
27.400000 	 4.425700 	 4.772700 	 
27.500000 	 4.655800 	 4.837300 	 
27.600000 	 4.584100 	 4.670001 	 
27.700001 	 2.878200 	 4.329572 	 
27.799999 	 2.190500 	 3.918843 	 
27.900000 	 2.569600 	 3.478443 	 
28.000000 	 0.588540 	 3.127491 	 
28.100000 	 -1.431100 	 2.290806 	 
28.200001 	 0.795160 	 1.739286 	 
28.299999 	 -0.538330 	 1.007510 	 
28.400000 	 -0.909520 	 0.466407 	 
28.500000 	 -1.296100 	 -0.031679 	 
28.600000 	 -1.426700 	 -0.602579 	 
28.700001 	 -1.578500 	 -0.912156 	 
28.799999 	 -3.537400 	 -1.213056 	 
28.900000 	 -3.253900 	 -1.791493 	 
29.000000 	 -4.216000 	 -2.316874 	 
29.100000 	 -3.590600 	 -2.699886 	 
29.200001 	 -5.064900 	 -3.238286 	 
29.299999 	 -5.393400 	 -3.804957 	 
29.400000 	 -4.967500 	 -4.289100 	 
29.500000 	 -4.693400 	 -4.454243 	 
29.600000 	 -5.802100 	 -4.818272 	 
29.700001 	 -5.118000 	 -4.947129 	 
29.799999 	 -5.471100 	 -5.215772 	 
29.900000 	 -4.251400 	 -5.099557 	 
30.000000 	 -4.278300 	 -4.940257 	 
30.100000 	 -3.594600 	 -4.744129 	 
30.200001 	 -6.298000 	 -4.973357 	 
30.299999 	 -5.916200 	 -4.989657 	 
30.400000 	 -2.286300 	 -4.585129 	 
30.500000 	 -4.598000 	 -4.460400 	 
30.600000 	 -3.551500 	 -4.360414 	 
30.700001 	 -2.654000 	 -4.128372 	 
30.799999 	 -2.971600 	 -4.039372 	 
30.900000 	 -3.955900 	 -3.704786 	 
31.000000 	 -2.091200 	 -3.158357 	 
31.100000 	 -2.045300 	 -3.123929 	 
31.200001 	 0.880040 	 -2.341351 	 
31.299999 	 1.060700 	 -1.682466 	 
31.400000 	 0.260180 	 -1.266154 	 
31.500000 	 -0.185890 	 -0.868196 	 
31.600000 	 1.018100 	 -0.157624 	 
31.700001 	 1.641300 	 0.375590 	 
31.799999 	 0.792500 	 0.780990 	 
31.900000 	 3.258500 	 1.120770 	 
32.000000 	 2.586000 	 1.338670 	 
32.099998 	 1.740300 	 1.550116 	 
32.200001 	 2.532500 	 1.938457 	 
32.299999 	 4.984300 	 2.505057 	 
32.400002 	 4.082700 	 2.853828 	 
32.500000 	 5.866900 	 3.578743 	 
32.599998 	 4.171200 	 3.709128 	 
32.700001 	 4.880500 	 4.036914 	 
32.799999 	 2.820400 	 4.191215 	 
32.900002 	 5.251300 	 4.579614 	 
33.000000 	 3.281700 	 4.336385 	 
33.099998 	 3.913400 	 4.312200 	 
33.200001 	 5.246100 	 4.223515 	 
33.299999 	 6.405900 	 4.542758 	 
33.400002 	 4.421000 	 4.477115 	 
33.500000 	 4.353800 	 4.696171 	 
33.599998 	 5.288100 	 4.701428 	 
33.700001 	 3.944200 	 4.796071 	 
33.799999 	 3.335400 	 4.713500 	 
33.900002 	 2.905500 	 4.379128 	 
34.000000 	 1.935200 	 3.740457 	 
34.099998 	 2.664700 	 3.489557 	 
34.200001 	 1.498200 	 3.081614 	 
34.299999 	 1.391000 	 2.524886 	 
34.400002 	 2.340500 	 2.295786 	 
34.500000 	 -0.584690 	 1.735773 	 
34.599998 	 -0.767400 	 1.211073 	 
34.700001 	 -0.272310 	 0.895714 	 
34.799999 	 -0.782430 	 0.403267 	 
34.900002 	 -1.428200 	 -0.014790 	 
35.000000 	 -0.358660 	 -0.264741 	 
35.099998 	 -3.522500 	 -1.102313 	 
35.200001 	 -3.232200 	 -1.480529 	 
35.299999 	 -3.976500 	 -1.938971 	 
35.400002 	 -4.550900 	 -2.550199 	 
35.500000 	 -4.428100 	 -3.071009 	 
35.599998 	 -2.427000 	 -3.213694 	 
35.700001 	 -5.308500 	 -3.920815 	 
35.799999 	 -4.304400 	 -4.032514 	 
35.900002 	 -6.140200 	 -4.447943 	 
36.000000 	 -5.826900 	 -4.712286 	 
36.099998 	 -4.102300 	 -4.648200 	 
36.200001 	 -5.542500 	 -4.807400 	 
36.299999 	 -5.246900 	 -5.210243 	 
36.400002 	 -5.402200 	 -5.223629 	 
36.500000 	 -3.536500 	 -5.113929 	 
36.599998 	 -6.227300 	 -5.126372 	 
36.700001 	 -3.982500 	 -4.862885 	 
36.799999 	 -4.584500 	 -4.931771 	 
36.900002 	 -3.095000 	 -4.582129 	 
37.000000 	 -4.845900 	 -4.524843 	 
37.099998 	 -1.021800 	 -3.899071 	 
37.200001 	 -2.802500 	 -3.794214 	 
37.299999 	 0.096356 	 -2.890835 	 
37.400002 	 -2.145500 	 -2.628406 	 
37.500000 	 -1.938400 	 -2.250392 	 
37.599998 	 -0.193530 	 -1.835896 	 
37.700001 	 -0.998040 	 -1.286202 	 
37.799999 	 0.806130 	 -1.025069 	 
37.900002 	 1.439800 	 -0.419026 	 
38.000000 	 1.905400 	 -0.160591 	 
38.099998 	 2.050600 	 0.438851 	 
38.200001 	 2.357100 	 1.052494 	 
38.299999 	 2.070500 	 1.375927 	 
38.400002 	 2.562200 	 1.884533 	 
38.500000 	 5.209100 	 2.513529 	 
38.599998 	 1.809700 	 2.566371 	 
38.700001 	 3.226600 	 2.755114 	 
38.799999 	 4.766800 	 3.143143 	 
38.900002 	 5.109400 	 3.536329 	 
39.000000 	 4.316200 	 3.857143 	 
39.099998 	 5.212300 	 4.235729 	 
39.200001 	 4.707700 	 4.164100 	 
39.299999 	 5.924500 	 4.751929 	 
39.400002 	 5.360900 	 5.056828 	 
39.500000 	 4.358500 	 4.998500 	 
39.599998 	 2.465800 	 4.620842 	 
39.700001 	 4.958200 	 4.712556 	 
39.799999 	 6.371000 	 4.878086 	 
39.900002 	 4.537400 	 4.853757 	 
40.000000 	 3.426300 	 4.496871 	 
40.099998 	 5.014600 	 4.447400 	 
40.200001 	 3.123500 	 4.270971 	 
40.299999 	 4.298100 	 4.532729 	 
40.400002 	 2.412200 	 4.169014 	 
40.500000 	 2.349100 	 3.594457 	 
40.599998 	 2.845300 	 3.352728 	 
40.700001 	 1.477000 	 3.074257 	 
40.799999 	 2.668300 	 2.739071 	 
40.900002 	 -1.522100 	 2.075414 	 
41.000000 	 -2.053200 	 1.168086 	 
41.099998 	 -0.070222 	 0.813454 	 
41.200001 	 -2.246400 	 0.156954 	 
41.299999 	 -2.163100 	 -0.558532 	 
41.400002 	 -1.677600 	 -1.009189 	 
41.500000 	 -2.772800 	 -1.786489 	 
41.599998 	 -3.516100 	 -2.071346 	 
41.700001 	 -3.350800 	 -2.256717 	 
41.799999 	 -5.098600 	 -2.975057 	 
41.900002 	 -4.407900 	 -3.283843 	 
42.000000 	 -3.330700 	 -3.450643 	 
42.099998 	 -4.417200 	 -3.842014 	 
42.200001 	 -2.201000 	 -3.760329 	 
42.299999 	 -3.757800 	 -3.794857 	 
42.400002 	 -3.252100 	 -3.780757 	 
42.500000 	 -4.758000 	 -3.732100 	 
42.599998 	 -6.140100 	 -3.979557 	 
42.700001 	 -5.463700 	 -4.284272 	 
42.799999 	 -3.110200 	 -4.097557 	 
42.900002 	 -5.414800 	 -4.556671 	 
43.000000 	 -3.266100 	 -4.486429 	 
43.099998 	 -3.246500 	 -4.485629 	 
43.200001 	 -4.514300 	 -4.450814 	 
43.299999 	 -2.179600 	 -3.885028 	 
43.400002 	 -3.958600 	 -3.670015 	 
43.500000 	 -2.138300 	 -3.531172 	 
43.599998 	 -2.749100 	 -3.150357 	 
43.700001 	 -1.116700 	 -2.843300 	 
43.799999 	 -1.025600 	 -2.526028 	 
43.900002 	 -1.887800 	 -2.150814 	 
44.000000 	 1.155200 	 -1.674414 	 
44.099998 	 1.680300 	 -0.868857 	 
44.200001 	 1.506300 	 -0.348200 	 
44.299999 	 1.233700 	 0.220771 	 
44.400002 	 0.136830 	 0.399847 	 
44.500000 	 1.605100 	 0.775661 	 
44.599998 	 3.196200 	 1.501947 	 
44.700001 	 3.416700 	 1.825019 	 
44.799999 	 3.604900 	 2.099962 	 
44.900002 	 4.119500 	 2.473276 	 
45.000000 	 5.419500 	 3.071247 	 
45.099998 	 5.455600 	 3.831071 	 
45.200001 	 3.060100 	 4.038929 	 
45.299999 	 4.843800 	 4.274300 	 
45.400002 	 2.917700 	 4.203014 	 
45.500000 	 6.998300 	 4.687786 	 
45.599998 	 6.572800 	 5.038257 	 
45.700001 	 6.206300 	 5.150657 	 
45.799999 	 5.146700 	 5.106529 	 
45.900002 	 5.431000 	 5.445229 	 
46.000000 	 4.152700 	 5.346500 	 
46.099998 	 5.278300 	 5.683728 	 
46.200001 	 3.616600 	 5.200629 	 
46.299999 	 2.098800 	 4.561486 	 
46.400002 	 4.218100 	 4.277457 	 
46.500000 	 4.539100 	 4.190657 	 
46.599998 	 3.073300 	 3.853842 	 
46.700001 	 -0.623910 	 3.171470 	 
46.799999 	 2.537900 	 2.779984 	 
46.900002 	 3.403800 	 2.749584 	 
47.000000 	 -1.448200 	 2.242870 	 
47.099998 	 1.686400 	 1.881199 	 
47.200001 	 0.706670 	 1.333709 	 
47.299999 	 -1.846800 	 0.630837 	 
47.400002 	 -1.980900 	 0.436981 	 
47.500000 	 -4.159000 	 -0.519719 	 
47.599998 	 0.177950 	 -0.980554 	 
47.700001 	 -3.879000 	 -1.327811 	 
47.799999 	 -3.103800 	 -2.012126 	 
47.900002 	 -3.874200 	 -2.666536 	 
48.000000 	 -3.550600 	 -2.909935 	 
48.099998 	 -4.070400 	 -3.208436 	 
48.200001 	 -5.806000 	 -3.443722 	 
48.299999 	 -4.623400 	 -4.129629 	 
48.400002 	 -4.783800 	 -4.258886 	 
48.500000 	 -5.284000 	 -4.570343 	 
48.599998 	 -4.682700 	 -4.685843 	 
48.700001 	 -5.743000 	 -4.999043 	 
48.799999 	 -6.175400 	 -5.299757 	 
48.900002 	 -5.236100 	 -5.218343 	 
49.000000 	 -5.426100 	 -5.333014 	 
49.099998 	 -5.895000 	 -5.491757 	 
49.200001 	 -3.661000 	 -5.259900 	 
49.299999 	 -4.440100 	 -5.225243 	 
49.400002 	 -3.314700 	 -4.878343 	 
49.500000 	 -3.814100 	 -4.541015 	 
49.599998 	 -2.666900 	 -4.173985 	 
49.700001 	 -2.050600 	 -3.691771 	 
49.799999 	 -2.188400 	 -3.162257 	 
49.900002 	 -3.015100 	 -3.069986 	 
50.000000 	 -1.614000 	 -2.666257 	 
50.099998 	 -1.843200 	 -2.456043 	 
50.200001 	 0.159280 	 -1.888417 	 
50.299999 	 -0.242080 	 -1.542014 	 
50.400002 	 -0.053134 	 -1.256662 	 
50.500000 	 1.749300 	 -0.694133 	 
50.599998 	 2.564600 	 0.102967 	 
50.700001 	 0.939790 	 0.467794 	 
50.799999 	 2.526100 	 1.091979 	 
50.900002 	 3.494200 	 1.568397 	 
51.000000 	 3.273900 	 2.070679 	 
51.099998 	 5.560500 	 2.872627 	 
51.200001 	 3.753200 	 3.158899 	 
51.299999 	 4.900100 	 3.492542 	 
51.400002 	 3.320900 	 3.832700 	 
51.500000 	 4.022100 	 4.046414 	 
51.599998 	 5.300500 	 4.304457 	 
51.700001 	 5.609800 	 4.638157 	 
51.799999 	 5.291000 	 4.599658 	 
51.900002 	 7.161600 	 5.086571 	 
52.000000 	 4.427400 	 5.019043 	 
52.099998 	 4.261700 	 5.153443 	 
52.200001 	 5.706500 	 5.394071 	 
52.299999 	 3.651000 	 5.158429 	 
52.400002 	 6.442900 	 5.277443 	 
52.500000 	 3.380300 	 5.004486 	 
52.599998 	 3.305600 	 4.453629 	 
52.700001 	 4.376900 	 4.446414 	 
52.799999 	 2.068300 	 4.133071 	 
52.900002 	 3.365200 	 3.798600 	 
53.000000 	 2.771700 	 3.672986 	 
53.099998 	 0.436810 	 2.814973 	 
53.200001 	 1.862000 	 2.598073 	 
53.299999 	 0.876110 	 2.251003 	 
53.400002 	 -0.520490 	 1.551376 	 
53.500000 	 -1.094600 	 1.099533 	 
53.599998 	 -0.939620 	 0.484559 	 
53.700001 	 -1.200400 	 -0.082884 	 
53.799999 	 -2.741000 	 -0.536857 	 
53.900002 	 -2.050100 	 -1.095729 	 
54.000000 	 -2.917100 	 -1.637616 	 
54.099998 	 -4.033400 	 -2.139460 	 
54.200001 	 -4.579800 	 -2.637346 	 
54.299999 	 -4.457900 	 -3.139957 	 
54.400002 	 -4.993100 	 -3.681772 	 
54.500000 	 -3.367400 	 -3.771257 	 
54.599998 	 -5.783900 	 -4.304657 	 
54.700001 	 -4.675000 	 -4.555786 	 
54.799999 	 -4.400600 	 -4.608243 	 
54.900002 	 -5.953700 	 -4.804514 	 
55.000000 	 -4.630100 	 -4.829114 	 
55.099998 	 -5.445900 	 -4.893800 	 
55.200001 	 -5.760100 	 -5.235614 	 
55.299999 	 -6.203500 	 -5.295557 	 
55.400002 	 -5.510700 	 -5.414943 	 
55.500000 	 -2.618300 	 -5.160328 	 
55.599998 	 -5.634200 	 -5.114686 	 
55.700001 	 -4.405100 	 -5.082542 	 
55.799999 	 -4.558200 	 -4.955729 	 
55.900002 	 -2.259300 	 -4.455615 	 
56.000000 	 -3.525800 	 -4.073085 	 
56.099998 	 -2.612500 	 -3.659057 	 
56.200001 	 -0.985540 	 -3.425806 	 
56.299999 	 -0.299350 	 -2.663684 	 
56.400002 	 -1.833400 	 -2.296299 	 
56.500000 	 -0.434990 	 -1.707269 	 
56.599998 	 0.634830 	 -1.293821 	 
56.700001 	 0.743020 	 -0.683990 	 
56.799999 	 3.112300 	 0.133839 	 
56.900002 	 3.015700 	 0.705444 	 
57.000000 	 3.513900 	 1.250194 	 
57.099998 	 0.565100 	 1.592837 	 
57.200001 	 2.679600 	 2.037779 	 
57.299999 	 3.173500 	 2.400446 	 
57.400002 	 2.674100 	 2.676314 	 
57.500000 	 3.280600 	 2.700357 	 
57.599998 	 5.065900 	 2.993243 	 
57.700001 	 3.169400 	 2.944028 	 
57.799999 	 5.917500 	 3.708657 	 
57.900002 	 6.543400 	 4.260628 	 
58.000000 	 4.977600 	 4.518357 	 
58.099998 	 6.797000 	 5.107343 	 
58.200001 	 6.590800 	 5.580228 	 
58.299999 	 4.997500 	 5.570457 	 
58.400002 	 4.404400 	 5.746886 	 
58.500000 	 5.494400 	 5.686443 	 
58.599998 	 3.769300 	 5.290143 	 
58.700001 	 4.004500 	 5.151128 	 
58.799999 	 5.086800 	 4.906814 	 
58.900002 	 2.542100 	 4.328429 	 
59.000000 	 2.486300 	 3.969686 	 
59.099998 	 3.660700 	 3.863443 	 
59.200001 	 0.516360 	 3.152294 	 
59.299999 	 2.832900 	 3.018523 	 
59.400002 	 1.335700 	 2.637266 	 
59.500000 	 0.797680 	 2.024534 	 
59.599998 	 0.296810 	 1.703779 	 
59.700001 	 -0.436420 	 1.286247 	 
59.799999 	 -0.603280 	 0.677107 	 
59.900002 	 -1.503700 	 0.388527 	 
60.000000 	 -2.312800 	 -0.346573 	 
60.099998 	 -0.982290 	 -0.677714 	 
60.200001 	 -2.443100 	 -1.140683 	 
60.299999 	 -2.406300 	 -1.526841 	 
60.400002 	 -2.693200 	 -1.849239 	 
60.500000 	 -3.793500 	 -2.304984 	 
60.599998 	 -4.305600 	 -2.705256 	 
60.700001 	 -3.802500 	 -2.918070 	 
60.799999 	 -4.781100 	 -3.460757 	 
60.900002 	 -4.159000 	 -3.705885 	 
61.000000 	 -5.919800 	 -4.207814 	 
61.099998 	 -4.906200 	 -4.523957 	 
61.200001 	 -4.871400 	 -4.677943 	 
61.299999 	 -3.616800 	 -4.579543 	 
61.400002 	 -3.203700 	 -4.494000 	 
61.500000 	 -5.084500 	 -4.537343 	 
61.599998 	 -5.387500 	 -4.712842 	 
61.700001 	 -5.571400 	 -4.663072 	 
61.799999 	 -4.866400 	 -4.657386 	 
61.900002 	 -4.011100 	 -4.534486 	 
62.000000 	 -4.942300 	 -4.723843 	 
62.099998 	 -3.818400 	 -4.811657 	 
62.200001 	 -2.402000 	 -4.428443 	 
62.299999 	 -1.110800 	 -3.817486 	 
62.400002 	 -1.110800 	 -3.180257 	 
62.500000 	 -2.263800 	 -2.808457 	 
62.599998 	 -3.148000 	 -2.685157 	 
62.700001 	 -1.055600 	 -2.129914 	 
62.799999 	 0.190050 	 -1.557279 	 
62.900002 	 0.390590 	 -1.158337 	 
63.000000 	 0.231620 	 -0.966563 	 
63.099998 	 0.761610 	 -0.699076 	 
63.200001 	 2.242500 	 -0.055319 	 
63.299999 	 3.641100 	 0.914553 	 
63.400002 	 3.317100 	 1.539224 	 
63.500000 	 0.907120 	 1.641663 	 
63.599998 	 2.632800 	 1.961979 	 
63.700001 	 2.737700 	 2.319990 	 
63.799999 	 3.211500 	 2.669974 	 
63.900002 	 5.767300 	 3.173517 	 
64.000000 	 4.963100 	 3.362375 	 
64.099998 	 4.796700 	 3.573746 	 
64.199997 	 4.778300 	 4.126771 	 
64.300003 	 3.073700 	 4.189757 	 
64.400002 	 4.705400 	 4.470857 	 
64.500000 	 4.366400 	 4.635843 	 
64.599998 	 4.739400 	 4.489000 	 
64.699997 	 3.984400 	 4.349185 	 
64.800003 	 5.272500 	 4.417157 	 
64.900002 	 4.067500 	 4.315614 	 
65.000000 	 4.385600 	 4.503029 	 
65.099998 	 4.411200 	 4.461000 	 
65.199997 	 3.525800 	 4.340915 	 
65.300003 	 3.148900 	 4.113700 	 
65.400002 	 3.625100 	 4.062371 	 
65.500000 	 3.209100 	 3.767600 	 
65.599998 	 0.559750 	 3.266493 	 
65.699997 	 0.078394 	 2.651178 	 
65.800003 	 2.222000 	 2.338435 	 
65.900002 	 0.089518 	 1.847537 	 
66.000000 	 0.034930 	 1.402685 	 
66.099998 	 -0.401010 	 0.827526 	 
66.199997 	 -1.366000 	 0.173940 	 
66.300003 	 -1.472700 	 -0.116410 	 
66.400002 	 -2.460600 	 -0.479123 	 
66.500000 	 -1.434700 	 -1.001509 	 
66.599998 	 -2.361800 	 -1.351697 	 
66.699997 	 -4.079700 	 -1.939501 	 
66.800003 	 -3.014500 	 -2.312857 	 
66.900002 	 -5.309500 	 -2.876214 	 
67.000000 	 -5.443600 	 -3.443485 	 
67.099998 	 -5.716500 	 -3.908614 	 
67.199997 	 -4.912700 	 -4.405471 	 
67.300003 	 -4.352400 	 -4.689843 	 
67.400002 	 -4.022700 	 -4.681700 	 
67.500000 	 -5.569200 	 -5.046657 	 
67.599998 	 -5.797500 	 -5.116372 	 
67.699997 	 -4.765000 	 -5.019429 	 
67.800003 	 -4.197200 	 -4.802386 	 
67.900002 	 -5.825400 	 -4.932771 	 
68.000000 	 -4.903200 	 -5.011457 	 
68.099998 	 -4.166100 	 -5.031943 	 
68.199997 	 -4.407500 	 -4.865986 	 
68.300003 	 -3.875100 	 -4.591357 	 
68.400002 	 -3.800900 	 -4.453629 	 
68.500000 	 -1.248200 	 -4.032342 	 
68.599998 	 -4.281400 	 -3.811771 	 
68.699997 	 -1.913700 	 -3.384700 	 
68.800003 	 0.230240 	 -2.756651 	 
68.900002 	 -1.417000 	 -2.329437 	 
69.000000 	 -0.368560 	 -1.828503 	 
69.099998 	 -2.096200 	 -1.584974 	 
69.199997 	 -1.199300 	 -1.577989 	 
69.300003 	 -0.554430 	 -1.045564 	 
69.400002 	 2.972500 	 -0.347536 	 
69.500000 	 2.650200 	 -0.001827 	 
69.599998 	 1.808000 	 0.458887 	 
69.699997 	 3.021300 	 0.943153 	 
69.800003 	 5.066300 	 1.966367 	 
69.900002 	 2.668600 	 2.518924 	 
70.000000 	 4.347100 	 3.219143 	 
70.099998 	 4.979800 	 3.505900 	 
70.199997 	 3.195800 	 3.583843 	 
70.300003 	 3.406900 	 3.812257 	 
70.400002 	 5.142300 	 4.115257 	 
70.500000 	 5.521200 	 4.180243 	 
70.599998 	 3.551700 	 4.306400 	 
70.699997 	 6.073700 	 4.553058 	 
70.800003 	 4.542900 	 4.490643 	 
70.900002 	 3.047700 	 4.469486 	 
71.000000 	 4.981200 	 4.694386 	 
71.099998 	 5.870900 	 4.798472 	 
71.199997 	 4.088600 	 4.593814 	 
71.300003 	 5.491900 	 4.870986 	 
71.400002 	 4.528900 	 4.650300 	 
71.500000 	 2.075200 	 4.297771 	 
71.599998 	 2.205700 	 4.177486 	 
71.699997 	 2.596200 	 3.836771 	 
71.800003 	 3.399500 	 3.483714 	 
71.900002 	 2.255900 	 3.221900 	 
72.000000 	 -0.128440 	 2.418994 	 
72.099998 	 2.159600 	 2.080523 	 
72.199997 	 0.475710 	 1.852024 	 
72.300003 	 0.649860 	 1.629761 	 
72.400002 	 -1.300100 	 1.073147 	 
72.500000 	 -2.217400 	 0.270733 	 
72.599998 	 -2.657500 	 -0.431181 	 
72.699997 	 -1.057900 	 -0.563961 	 
72.800003 	 -4.614100 	 -1.531633 	 
72.900002 	 -2.976000 	 -2.024734 	 
73.000000 	 -3.964500 	 -2.683929 	 
73.099998 	 -4.183600 	 -3.095857 	 
73.199997 	 -4.621700 	 -3.439328 	 
73.300003 	 -4.599100 	 -3.716700 	 
73.400002 	 -4.307500 	 -4.180928 	 
73.500000 	 -5.451500 	 -4.300557 	 
73.599998 	 -5.811300 	 -4.705600 	 
73.699997 	 -6.448500 	 -5.060457 	 
73.800003 	 -6.073200 	 -5.330400 	 
73.900002 	 -3.645100 	 -5.190885 	 
74.000000 	 -5.376100 	 -5.301886 	 
74.099998 	 -6.401600 	 -5.601043 	 
74.199997 	 -5.542800 	 -5.614086 	 
74.300003 	 -4.146200 	 -5.376214 	 
74.400002 	 -4.315100 	 -5.071443 	 
74.500000 	 -3.844100 	 -4.753001 	 
74.599998 	 -3.933000 	 -4.794128 	 
74.699997 	 -1.884300 	 -4.295300 	 
74.800003 	 -3.529000 	 -3.884928 	 
74.900002 	 -3.189400 	 -3.548728 	 
75.000000 	 -3.794000 	 -3.498415 	 
75.099998 	 -1.624400 	 -3.114028 	 
75.199997 	 -1.320700 	 -2.753543 	 
75.300003 	 0.050078 	 -2.184532 	 
75.400002 	 -0.547640 	 -1.993580 	 
75.500000 	 -0.654610 	 -1.582953 	 
75.599998 	 -0.971270 	 -1.266077 	 
75.699997 	 4.337900 	 -0.104377 	 
75.800003 	 2.337000 	 0.461537 	 
75.900002 	 4.453000 	 1.286351 	 
76.000000 	 3.241300 	 1.742240 	 
76.099998 	 1.763300 	 2.072374 	 
76.199997 	 4.588400 	 2.821376 	 
76.300003 	 3.501500 	 3.460343 	 
76.400002 	 5.428100 	 3.616086 	 
76.500000 	 5.489900 	 4.066500 	 
76.599998 	 5.330700 	 4.191886 	 
76.699997 	 5.172300 	 4.467743 	 
76.800003 	 4.724600 	 4.890786 	 
76.900002 	 6.824100 	 5.210171 	 
77.000000 	 4.864800 	 5.404929 	 
77.099998 	 3.735000 	 5.163057 	 
77.199997 	 3.603200 	 4.893528 	 
77.300003 	 4.873500 	 4.828214 	 
77.400002 	 3.722700 	 4.621129 	 
77.500000 	 2.700200 	 4.331929 	 
77.599998 	 3.699600 	 3.885572 	 
77.699997 	 4.363100 	 3.813900 	 
77.800003 	 4.335000 	 3.899614 	 
77.900002 	 2.905700 	 3.799971 	 
78.000000 	 1.840000 	 3.366615 	 
78.099998 	 1.631900 	 3.067928 	 
78.199997 	 0.183940 	 2.708463 	 
78.300003 	 1.407500 	 2.381020 	 
78.400002 	 -0.074548 	 1.747070 	 
78.500000 	 -0.438100 	 1.065199 	 
78.599998 	 -0.776150 	 0.539220 	 
78.699997 	 -1.071200 	 0.123335 	 
78.800003 	 -0.914850 	 -0.240487 	 
78.900002 	 -1.814400 	 -0.525964 	 
79.000000 	 -1.001400 	 -0.870093 	 
79.099998 	 -3.046000 	 -1.294586 	 
79.199997 	 -2.519100 	 -1.591871 	 
79.300003 	 -4.570400 	 -2.133907 	 
79.400002 	 -4.992500 	 -2.694093 	 
79.500000 	 -6.009600 	 -3.421914 	 
79.599998 	 -4.897700 	 -3.862386 	 
79.699997 	 -4.641200 	 -4.382357 	 
79.800003 	 -5.017700 	 -4.664029 	 
79.900002 	 -4.536400 	 -4.952214 	 
80.000000 	 -4.694100 	 -4.969886 	 
80.099998 	 -6.068100 	 -5.123543 	 
80.199997 	 -3.369700 	 -4.746414 	 
80.300003 	 -3.836700 	 -4.594842 	 
80.400002 	 -4.085200 	 -4.515414 	 
80.500000 	 -5.003200 	 -4.513343 	 
80.599998 	 -2.967800 	 -4.289257 	 
80.699997 	 -3.478500 	 -4.115600 	 
80.800003 	 -2.696700 	 -3.633971 	 
80.900002 	 -4.269700 	 -3.762543 	 
81.000000 	 -1.937900 	 -3.491286 	 
81.099998 	 -2.939100 	 -3.327557 	 
81.199997 	 -3.030800 	 -3.045786 	 
81.300003 	 -2.871500 	 -3.032029 	 
81.400002 	 -2.111300 	 -2.836715 	 
81.500000 	 -2.510300 	 -2.810086 	 
81.599998 	 -1.014500 	 -2.345057 	 
81.699997 	 -0.866830 	 -2.192047 	 
81.800003 	 1.488700 	 -1.559504 	 
81.900002 	 2.608100 	 -0.753947 	 
82.000000 	 1.036800 	 -0.195619 	 
82.099998 	 1.894600 	 0.376653 	 
82.199997 	 1.544900 	 0.955967 	 
82.300003 	 3.936700 	 1.663281 	 
82.400002 	 1.925500 	 2.062186 	 
82.500000 	 5.023300 	 2.567129 	 
82.599998 	 4.620000 	 2.854543 	 
82.699997 	 2.348100 	 3.041871 	 
82.800003 	 3.948100 	 3.335228 	 
82.900002 	 4.285300 	 3.726715 	 
83.000000 	 5.366900 	 3.931029 	 
83.099998 	 6.181500 	 4.539029 	 
83.199997 	 4.924900 	 4.524971 	 
83.300003 	 4.421400 	 4.496600 	 
83.400002 	 2.351800 	 4.497128 	 
83.500000 	 4.235200 	 4.538143 	 
83.599998 	 5.816300 	 4.756857 	 
83.699997 	 3.769000 	 4.528586 	 
83.800003 	 4.856200 	 4.339257 	 
83.900002 	 4.367000 	 4.259557 	 
84.000000 	 2.128800 	 3.932043 	 
84.099998 	 3.069000 	 4.034500 	 
84.199997 	 3.760300 	 3.966657 	 
84.300003 	 2.979200 	 3.561357 	 
84.400002 	 2.690800 	 3.407328 	 
84.500000 	 1.637500 	 2.947514 	 
84.599998 	 0.172690 	 2.348327 	 
84.699997 	 1.085900 	 2.199341 	 
84.800003 	 0.300220 	 1.803801 	 
84.900002 	 -0.667090 	 1.171317 	 
85.000000 	 -2.420600 	 0.399917 	 
85.099998 	 -1.343600 	 -0.176426 	 
85.199997 	 -2.695900 	 -0.795483 	 
85.300003 	 -0.676880 	 -0.916850 	 
85.400002 	 -2.270300 	 -1.396307 	 
85.500000 	 -1.324300 	 -1.628381 	 
85.599998 	 -3.399400 	 -2.018711 	 
85.699997 	 -4.128900 	 -2.262754 	 
85.800003 	 -4.730700 	 -2.746626 	 
85.900002 	 -4.978700 	 -3.072740 	 
86.000000 	 -5.013500 	 -3.692257 	 
86.099998 	 -3.387400 	 -3.851843 	 
86.199997 	 -6.059900 	 -4.528358 	 
86.300003 	 -4.257200 	 -4.650899 	 
86.400002 	 -5.109000 	 -4.790914 	 
86.500000 	 -3.479100 	 -4.612114 	 
86.599998 	 -6.258300 	 -4.794914 	 
86.699997 	 -4.457400 	 -4.715472 	 
86.800003 	 -5.618900 	 -5.034257 	 
86.900002 	 -4.903500 	 -4.869057 	 
87.000000 	 -4.141300 	 -4.852500 	 
87.099998 	 -4.300500 	 -4.737000 	 
87.199997 	 -3.096500 	 -4.682343 	 
87.300003 	 -3.067800 	 -4.226557 	 
87.400002 	 -2.351200 	 -3.925671 	 
87.500000 	 -3.695100 	 -3.650843 	 
87.599998 	 -2.135800 	 -3.255457 	 
87.699997 	 -1.830700 	 -2.925371 	 
87.800003 	 -0.853410 	 -2.432930 	 
87.900002 	 -0.388390 	 -2.046057 	 
88.000000 	 0.987570 	 -1.466719 	 
88.099998 	 0.795850 	 -1.017140 	 
88.199997 	 2.379100 	 -0.149397 	 
88.300003 	 2.802400 	 0.556060 	 
88.400002 	 0.693390 	 0.916644 	 
88.500000 	 1.389400 	 1.237046 	 
88.599998 	 2.151000 	 1.599816 	 
88.699997 	 3.529100 	 1.962891 	 
88.800003 	 2.499100 	 2.206213 	 
88.900002 	 4.259000 	 2.474770 	 
89.000000 	 4.690300 	 2.744470 	 
89.099998 	 4.385800 	 3.271957 	 
89.199997 	 4.300700 	 3.687857 	 
89.300003 	 6.514300 	 4.311186 	 
89.400002 	 4.676800 	 4.475143 	 
89.500000 	 5.703300 	 4.932885 	 
89.599998 	 4.446200 	 4.959629 	 
89.699997 	 6.140700 	 5.166828 	 
89.800003 	 2.916200 	 4.956886 	 
89.900002 	 4.160500 	 4.936857 	 
90.000000 	 4.473500 	 4.645314 	 
90.099998 	 2.231300 	 4.295957 	 
90.199997 	 7.027500 	 4.485128 	 
90.300003 	 3.388100 	 4.333972 	 
90.400002 	 5.461300 	 4.236914 	 
90.500000 	 3.501500 	 4.320529 	 
90.599998 	 2.319700 	 4.057557 	 
90.699997 	 0.495550 	 3.489279 	 
90.800003 	 0.976080 	 3.309961 	 
90.900002 	 1.263600 	 2.486547 	 
91.000000 	 -1.498400 	 1.788476 	 
91.099998 	 -0.538100 	 0.931419 	 
91.199997 	 0.115750 	 0.447740 	 
91.300003 	 -0.178740 	 0.090820 	 
91.400002 	 -1.571200 	 -0.204430 	 
91.500000 	 -3.135000 	 -0.791727 	 
91.599998 	 -3.705200 	 -1.501556 	 
91.699997 	 -2.747100 	 -1.679941 	 
91.800003 	 -3.043600 	 -2.037870 	 
91.900002 	 -1.778200 	 -2.308434 	 
92.000000 	 -3.443700 	 -2.774857 	 
92.099998 	 -4.152900 	 -3.143672 	 
92.199997 	 -4.335300 	 -3.315143 	 
92.300003 	 -4.902000 	 -3.486115 	 
92.400002 	 -5.438100 	 -3.870543 	 
92.500000 	 -3.981900 	 -4.004586 	 
92.599998 	 -5.165600 	 -4.488500 	 
92.699997 	 -4.742600 	 -4.674057 	 
92.800003 	 -4.628700 	 -4.742028 	 
92.900002 	 -5.752900 	 -4.944542 	 
93.000000 	 -5.759900 	 -5.067100 	 
93.099998 	 -5.106000 	 -5.019657 	 
93.199997 	 -6.506200 	 -5.380271 	 
93.300003 	 -3.469100 	 -5.137914 	 
93.400002 	 -2.955800 	 -4.882657 	 
93.500000 	 -2.066300 	 -4.516600 	 
93.599998 	 -4.611600 	 -4.353557 	 
93.699997 	 -1.435400 	 -3.735771 	 
93.800003 	 -3.647100 	 -3.527357 	 
93.900002 	 -2.353600 	 -2.934129 	 
94.000000 	 -1.446900 	 -2.645243 	 
94.099998 	 -2.435700 	 -2.570943 	 
94.199997 	 0.287740 	 -2.234651 	 
94.300003 	 0.264590 	 -1.538053 	 
94.400002 	 0.669330 	 -1.237377 	 
94.500000 	 -0.243650 	 -0.751170 	 
94.599998 	 2.216200 	 -0.098341 	 
94.699997 	 1.766600 	 0.360730 	 
94.800003 	 4.083600 	 1.292059 	 
94.900002 	 4.420600 	 1.882467 	 
95.000000 	 3.288000 	 2.314383 	 
95.099998 	 3.949700 	 2.783007 	 
95.199997 	 5.260800 	 3.569357 	 
95.300003 	 5.666800 	 4.062300 	 
95.400002 	 4.671000 	 4.477214 	 
95.500000 	 7.080600 	 4.905357 	 
95.599998 	 5.715200 	 5.090299 	 
95.699997 	 6.267800 	 5.515985 	 
95.800003 	 4.537400 	 5.599942 	 
95.900002 	 3.550700 	 5.355643 	 
96.000000 	 5.998100 	 5.402972 	 
96.099998 	 5.415900 	 5.509386 	 
96.199997 	 5.356500 	 5.263085 	 
96.300003 	 3.609300 	 4.962243 	 
96.400002 	 3.567100 	 4.576428 	 
96.500000 	 4.985200 	 4.640400 	 
96.599998 	 3.139200 	 4.581614 	 
96.699997 	 4.724800 	 4.399714 	 
96.800003 	 1.994800 	 3.910986 	 
96.900002 	 4.297400 	 3.759686 	 
97.000000 	 0.163590 	 3.267441 	 
97.099998 	 -1.010900 	 2.613441 	 
97.199997 	 1.150900 	 2.065684 	 
97.300003 	 2.269600 	 1.941456 	 
97.400002 	 0.974500 	 1.405699 	 
97.500000 	 0.563770 	 1.201266 	 
97.599998 	 -1.267200 	 0.406323 	 
97.699997 	 -1.333200 	 0.192496 	 
97.800003 	 -1.704500 	 0.093410 	 
97.900002 	 -3.678800 	 -0.596547 	 
98.000000 	 -1.246100 	 -1.098790 	 
98.099998 	 -3.641200 	 -1.758176 	 
98.199997 	 -3.157600 	 -2.289800 	 
98.300003 	 -4.297400 	 -2.722686 	 
98.400002 	 -2.379700 	 -2.872186 	 
98.500000 	 -2.950800 	 -3.050229 	 
98.599998 	 -3.959700 	 -3.090357 	 
98.699997 	 -5.225100 	 -3.658786 	 
98.800003 	 -6.214100 	 -4.026343 	 
98.900002 	 -4.689600 	 -4.245200 	 
99.000000 	 -3.862300 	 -4.183043 	 
99.099998 	 -5.086300 	 -4.569700 	 
99.199997 	 -6.314400 	 -5.050214 	 
99.300003 	 -2.694100 	 -4.869414 	 
99.400002 	 -5.776500 	 -4.948185 	 
99.500000 	 -2.695200 	 -4.445486 	 
99.599998 	 -3.246800 	 -4.239371 	 
99.699997 	 -3.434900 	 -4.178314 	 
99.800003 	 -3.223300 	 -3.912172 	 
99.900002 	 -2.541900 	 -3.373243 	 
100.000000 	 -2.949300 	 -3.409700 	 
