0.000000 	 -0.275940 	 -0.275940 	 
0.100000 	 0.683070 	 0.683070 	 
0.200000 	 0.037993 	 0.037993 	 
0.300000 	 2.857600 	 2.857600 	 
0.400000 	 2.869800 	 2.869800 	 
0.500000 	 3.218300 	 3.218300 	 
0.600000 	 3.508400 	 3.508400 	 
0.700000 	 3.854200 	 3.854200 	 
0.800000 	 4.128100 	 4.128100 	 
0.900000 	 3.274900 	 3.274900 	 
1.000000 	 3.344400 	 3.344400 	 
1.100000 	 2.214000 	 2.214000 	 
1.200000 	 5.258300 	 5.258300 	 
1.300000 	 4.642500 	 4.642500 	 
1.400000 	 4.463200 	 4.463200 	 
1.500000 	 5.566200 	 5.566200 	 
1.600000 	 8.322400 	 8.322400 	 
1.700000 	 3.257900 	 3.257900 	 
1.800000 	 3.052600 	 3.052600 	 
1.900000 	 4.068400 	 4.068400 	 
2.000000 	 4.257900 	 4.257900 	 
2.100000 	 2.910700 	 2.910700 	 
2.200000 	 2.062300 	 2.062300 	 
2.300000 	 2.206100 	 2.206100 	 
2.400000 	 4.546000 	 4.546000 	 
2.500000 	 1.799500 	 1.799500 	 
2.600000 	 1.845300 	 1.845300 	 
2.700000 	 0.810960 	 0.810960 	 
2.800000 	 2.950800 	 2.950800 	 
2.900000 	 0.124140 	 0.124140 	 
3.000000 	 0.235530 	 0.235530 	 
3.100000 	 -2.103400 	 -2.103400 	 
3.200000 	 0.114450 	 0.114450 	 
3.300000 	 -1.283900 	 -1.283900 	 
3.400000 	 -1.315900 	 -1.315900 	 
3.500000 	 1.102400 	 1.102400 	 
3.600000 	 -3.172800 	 -3.172800 	 
3.700000 	 -0.992930 	 -0.992930 	 
3.800000 	 -3.172200 	 -3.172200 	 
3.900000 	 -1.763500 	 -1.763500 	 
4.000000 	 -4.533800 	 -4.533800 	 
4.100000 	 -1.692800 	 -1.692800 	 
4.200000 	 -5.885700 	 -5.885700 	 
4.300000 	 -3.463600 	 -3.463600 	 
4.400000 	 -4.026400 	 -4.026400 	 
4.500000 	 -5.371500 	 -5.371500 	 
4.600000 	 -4.459100 	 -4.459100 	 
4.700000 	 -2.907800 	 -2.907800 	 
4.800000 	 -4.961800 	 -4.961800 	 
4.900000 	 -3.761900 	 -3.761900 	 
5.000000 	 -3.987300 	 -3.987300 	 
5.100000 	 -5.896500 	 -5.896500 	 
5.200000 	 -5.502600 	 -5.502600 	 
5.300000 	 -3.645200 	 -3.645200 	 
5.400000 	 -5.184600 	 -5.184600 	 
5.500000 	 -4.109600 	 -4.109600 	 
5.600000 	 -3.161000 	 -3.161000 	 
5.700000 	 -3.901000 	 -3.901000 	 
5.800000 	 -1.190800 	 -1.190800 	 
5.900000 	 -1.606100 	 -1.606100 	 
6.000000 	 -1.957200 	 -1.957200 	 
6.100000 	 -0.867010 	 -0.867010 	 
6.200000 	 -0.939910 	 -0.939910 	 
6.300000 	 0.167520 	 0.167520 	 
6.400000 	 2.308700 	 2.308700 	 
6.500000 	 -1.092100 	 -1.092100 	 
6.600000 	 -0.235520 	 -0.235520 	 
6.700000 	 1.855500 	 1.855500 	 
6.800000 	 3.098500 	 3.098500 	 
6.900000 	 2.750800 	 2.750800 	 
7.000000 	 3.825700 	 3.825700 	 
7.100000 	 3.466300 	 3.466300 	 
7.200000 	 2.874100 	 2.874100 	 
7.300000 	 4.074500 	 4.074500 	 
7.400000 	 5.440700 	 5.440700 	 
7.500000 	 5.438900 	 5.438900 	 
7.600000 	 5.062700 	 5.062700 	 
7.700000 	 4.102400 	 4.102400 	 
7.800000 	 5.320300 	 5.320300 	 
7.900000 	 4.809700 	 4.809700 	 
8.000000 	 4.235300 	 4.235300 	 
8.100000 	 4.234100 	 4.234100 	 
8.200000 	 6.887000 	 6.887000 	 
8.300000 	 5.805800 	 5.805800 	 
8.400000 	 4.891800 	 4.891800 	 
8.500000 	 5.289000 	 5.289000 	 
8.600000 	 3.916000 	 3.916000 	 
8.700000 	 2.109100 	 2.109100 	 
8.800000 	 2.079700 	 2.079700 	 
8.900000 	 0.335760 	 0.335760 	 
9.000000 	 1.727900 	 1.017229 	 
9.100000 	 2.291000 	 1.035095 	 
9.200000 	 0.484920 	 1.040061 	 
9.300000 	 0.096449 	 1.009381 	 
9.400000 	 0.447220 	 0.982464 	 
9.500000 	 -0.946460 	 0.936189 	 
9.600000 	 -2.175700 	 0.873032 	 
9.700000 	 -2.076600 	 0.807134 	 
9.800000 	 -1.358600 	 0.746171 	 
9.900000 	 -3.312900 	 0.672973 	 
10.000000 	 -2.279900 	 0.610481 	 
10.100000 	 -2.813200 	 0.554623 	 
10.200000 	 -2.455500 	 0.468915 	 
10.300000 	 -3.744500 	 0.375726 	 
10.400000 	 -3.147200 	 0.291166 	 
10.500000 	 -4.937100 	 0.174462 	 
10.600000 	 -3.620000 	 0.041769 	 
10.700000 	 -4.397500 	 -0.043291 	 
10.800000 	 -6.535000 	 -0.149820 	 
10.900000 	 -3.862800 	 -0.237944 	 
11.000000 	 -5.137100 	 -0.342333 	 
11.100000 	 -6.014400 	 -0.441501 	 
11.200000 	 -4.283500 	 -0.512010 	 
11.300000 	 -4.311100 	 -0.584423 	 
11.400000 	 -4.266100 	 -0.682335 	 
11.500000 	 -4.862100 	 -0.756353 	 
11.600000 	 -3.453300 	 -0.815226 	 
11.700000 	 -5.147600 	 -0.881433 	 
11.800000 	 -4.097000 	 -0.959741 	 
11.900000 	 -1.332000 	 -0.975921 	 
12.000000 	 -3.051200 	 -1.012440 	 
12.100000 	 -0.982860 	 -0.999990 	 
12.200000 	 -1.487800 	 -1.017792 	 
12.300000 	 -1.868000 	 -1.024282 	 
12.400000 	 -1.142900 	 -1.022360 	 
12.500000 	 -0.358470 	 -1.038592 	 
12.600000 	 -0.337880 	 -1.007093 	 
12.700000 	 2.141900 	 -0.972261 	 
12.800000 	 0.262800 	 -0.934095 	 
12.900000 	 0.564890 	 -0.908224 	 
13.000000 	 2.552100 	 -0.829492 	 
13.100000 	 2.975700 	 -0.777619 	 
13.200000 	 4.256000 	 -0.664934 	 
13.300000 	 0.719650 	 -0.618453 	 
13.400000 	 3.524800 	 -0.534551 	 
13.500000 	 4.380200 	 -0.426199 	 
13.600000 	 3.370000 	 -0.339209 	 
13.700000 	 3.954500 	 -0.262961 	 
13.800000 	 5.423800 	 -0.147566 	 
13.900000 	 5.486700 	 -0.044803 	 
14.000000 	 5.236300 	 0.057681 	 
14.100000 	 3.514200 	 0.162244 	 
14.200000 	 5.624700 	 0.285881 	 
14.300000 	 5.172500 	 0.383856 	 
14.400000 	 6.507700 	 0.513770 	 
14.500000 	 5.375100 	 0.619156 	 
14.600000 	 3.165600 	 0.689451 	 
14.700000 	 4.865800 	 0.786860 	 
14.800000 	 3.849500 	 0.842863 	 
14.900000 	 3.558000 	 0.900242 	 
15.000000 	 3.292500 	 0.958572 	 
15.100000 	 2.600000 	 0.997095 	 
15.200000 	 2.012100 	 1.029895 	 
15.300000 	 1.184200 	 1.041191 	 
15.400000 	 -0.215070 	 1.013149 	 
15.500000 	 1.770900 	 1.044960 	 
15.600000 	 -1.414600 	 1.031859 	 
15.700000 	 1.793100 	 1.031166 	 
15.800000 	 -1.094900 	 0.984573 	 
15.900000 	 -1.173800 	 0.940966 	 
16.000000 	 -1.876300 	 0.877611 	 
16.100000 	 -1.553400 	 0.821836 	 
16.200001 	 -2.381900 	 0.763436 	 
16.299999 	 -4.189800 	 0.671611 	 
16.400000 	 -5.514500 	 0.549886 	 
16.500000 	 -3.798300 	 0.447251 	 
16.600000 	 -4.035200 	 0.346163 	 
16.700001 	 -2.717500 	 0.270386 	 
16.799999 	 -4.864700 	 0.157219 	 
16.900000 	 -4.372000 	 0.055200 	 
17.000000 	 -4.189800 	 -0.038412 	 
17.100000 	 -6.339400 	 -0.155895 	 
17.200001 	 -4.248700 	 -0.279625 	 
17.299999 	 -5.137800 	 -0.401221 	 
17.400000 	 -6.172700 	 -0.524159 	 
17.500000 	 -5.001600 	 -0.638499 	 
17.600000 	 -5.236400 	 -0.740193 	 
17.700001 	 -2.324300 	 -0.789453 	 
17.799999 	 -4.633200 	 -0.864041 	 
17.900000 	 -3.388300 	 -0.905419 	 
18.000000 	 -2.585700 	 -0.953348 	 
18.100000 	 -2.019100 	 -1.001238 	 
18.200001 	 -4.509300 	 -1.056729 	 
18.299999 	 -3.280400 	 -1.094250 	 
18.400000 	 -3.867700 	 -1.142193 	 
18.500000 	 -1.788800 	 -1.151552 	 
18.600000 	 -0.378370 	 -1.131582 	 
18.700001 	 -0.446570 	 -1.113471 	 
18.799999 	 -1.329400 	 -1.113147 	 
18.900000 	 2.079700 	 -1.053229 	 
19.000000 	 0.140100 	 -1.026340 	 
19.100000 	 2.668600 	 -0.965431 	 
19.200001 	 1.724200 	 -0.918990 	 
19.299999 	 3.167800 	 -0.842187 	 
19.400000 	 3.404200 	 -0.769393 	 
19.500000 	 6.331900 	 -0.644182 	 
19.600000 	 3.547100 	 -0.564548 	 
19.700001 	 3.088600 	 -0.481369 	 
19.799999 	 5.342200 	 -0.349400 	 
19.900000 	 4.020200 	 -0.261811 	 
20.000000 	 4.160300 	 -0.158506 	 
20.100000 	 4.485600 	 -0.041840 	 
20.200001 	 4.663300 	 0.057569 	 
20.299999 	 5.339700 	 0.164800 	 
20.400000 	 5.863800 	 0.277355 	 
20.500000 	 3.875300 	 0.374437 	 
20.600000 	 5.684300 	 0.475966 	 
20.700001 	 3.888900 	 0.576371 	 
20.799999 	 3.763200 	 0.663707 	 
20.900000 	 1.259900 	 0.692506 	 
21.000000 	 4.380700 	 0.775082 	 
21.100000 	 4.789900 	 0.839224 	 
21.200001 	 3.630200 	 0.896091 	 
21.299999 	 3.276400 	 0.953251 	 
21.400000 	 2.775800 	 0.996792 	 
21.500000 	 3.067200 	 1.034855 	 
21.600000 	 2.686000 	 1.068454 	 
21.700001 	 1.760400 	 1.064215 	 
21.799999 	 0.956230 	 1.071920 	 
21.900000 	 -1.009100 	 1.054431 	 
22.000000 	 0.617630 	 1.032937 	 
22.100000 	 -1.901500 	 0.978745 	 
22.200001 	 -1.595800 	 0.913726 	 
22.299999 	 -2.566100 	 0.877217 	 
22.400000 	 -1.452600 	 0.821913 	 
22.500000 	 -3.729500 	 0.731805 	 
22.600000 	 -3.075100 	 0.660193 	 
22.700001 	 -2.795000 	 0.585198 	 
22.799999 	 -2.601100 	 0.496033 	 
22.900000 	 -4.615600 	 0.383785 	 
23.000000 	 -4.095300 	 0.280100 	 
23.100000 	 -5.150300 	 0.183828 	 
23.200001 	 -5.920700 	 0.055546 	 
23.299999 	 -4.030900 	 -0.046714 	 
23.400000 	 -4.525900 	 -0.169310 	 
23.500000 	 -4.094800 	 -0.274531 	 
23.600000 	 -5.647700 	 -0.372456 	 
23.700001 	 -3.896300 	 -0.469813 	 
23.799999 	 -6.031900 	 -0.579606 	 
23.900000 	 -4.386300 	 -0.667876 	 
24.000000 	 -4.142000 	 -0.750482 	 
24.100000 	 -6.010900 	 -0.846158 	 
24.200001 	 -3.235700 	 -0.904467 	 
24.299999 	 -2.083300 	 -0.940773 	 
24.400000 	 -2.105000 	 -0.961772 	 
24.500000 	 -2.998700 	 -1.014767 	 
24.600000 	 -2.260300 	 -1.024164 	 
24.700001 	 -2.434500 	 -1.071138 	 
24.799999 	 -2.538900 	 -1.087182 	 
24.900000 	 -1.798100 	 -1.094118 	 
25.000000 	 -0.296400 	 -1.076564 	 
25.100000 	 -0.381210 	 -1.063540 	 
25.200001 	 2.489100 	 -1.009418 	 
25.299999 	 1.265500 	 -0.948803 	 
25.400000 	 1.726000 	 -0.868353 	 
25.500000 	 1.562000 	 -0.808794 	 
25.600000 	 2.177500 	 -0.739764 	 
25.700001 	 1.757800 	 -0.690039 	 
25.799999 	 4.366800 	 -0.587467 	 
25.900000 	 2.438900 	 -0.511790 	 
26.000000 	 3.426800 	 -0.427161 	 
26.100000 	 3.461700 	 -0.318260 	 
26.200001 	 5.973900 	 -0.204676 	 
26.299999 	 5.484900 	 -0.086645 	 
26.400000 	 4.517600 	 0.032136 	 
26.500000 	 4.864200 	 0.141756 	 
26.600000 	 5.376500 	 0.259677 	 
26.700001 	 4.497100 	 0.335470 	 
26.799999 	 4.203600 	 0.433657 	 
26.900000 	 5.755200 	 0.535251 	 
27.000000 	 5.261200 	 0.622439 	 
27.100000 	 5.065600 	 0.701158 	 
27.200001 	 5.652400 	 0.814065 	 
27.299999 	 3.045200 	 0.884350 	 
27.400000 	 4.425700 	 0.976499 	 
27.500000 	 4.655800 	 1.048105 	 
27.600000 	 4.584100 	 1.103244 	 
27.700001 	 2.878200 	 1.140186 	 
27.799999 	 2.190500 	 1.179296 	 
27.900000 	 2.569600 	 1.184739 	 
28.000000 	 0.588540 	 1.189722 	 
28.100000 	 -1.431100 	 1.144170 	 
28.200001 	 0.795160 	 1.133847 	 
28.299999 	 -0.538330 	 1.092668 	 
28.400000 	 -0.909520 	 1.044738 	 
28.500000 	 -1.296100 	 0.959982 	 
28.600000 	 -1.426700 	 0.904718 	 
28.700001 	 -1.578500 	 0.852861 	 
28.799999 	 -3.537400 	 0.754199 	 
28.900000 	 -3.253900 	 0.673375 	 
29.000000 	 -4.216000 	 0.580305 	 
29.100000 	 -3.590600 	 0.490570 	 
29.200001 	 -5.064900 	 0.382479 	 
29.299999 	 -5.393400 	 0.263222 	 
29.400000 	 -4.967500 	 0.142874 	 
29.500000 	 -4.693400 	 0.047667 	 
29.600000 	 -5.802100 	 -0.079960 	 
29.700001 	 -5.118000 	 -0.180037 	 
29.799999 	 -5.471100 	 -0.282640 	 
29.900000 	 -4.251400 	 -0.343877 	 
30.000000 	 -4.278300 	 -0.440088 	 
30.100000 	 -3.594600 	 -0.533249 	 
30.200001 	 -6.298000 	 -0.643562 	 
30.299999 	 -5.916200 	 -0.745702 	 
30.400000 	 -2.286300 	 -0.801948 	 
30.500000 	 -4.598000 	 -0.887117 	 
30.600000 	 -3.551500 	 -0.956422 	 
30.700001 	 -2.654000 	 -1.005471 	 
30.799999 	 -2.971600 	 -1.049114 	 
30.900000 	 -3.955900 	 -1.081856 	 
31.000000 	 -2.091200 	 -1.111954 	 
31.100000 	 -2.045300 	 -1.113552 	 
31.200001 	 0.880040 	 -1.086043 	 
31.299999 	 1.060700 	 -1.045745 	 
31.400000 	 0.260180 	 -1.026714 	 
31.500000 	 -0.185890 	 -0.987340 	 
31.600000 	 1.018100 	 -0.941861 	 
31.700001 	 1.641300 	 -0.892568 	 
31.799999 	 0.792500 	 -0.854862 	 
31.900000 	 3.258500 	 -0.767372 	 
32.000000 	 2.586000 	 -0.693135 	 
32.099998 	 1.740300 	 -0.616573 	 
32.200001 	 2.532500 	 -0.522648 	 
32.299999 	 4.984300 	 -0.422479 	 
32.400002 	 4.082700 	 -0.326828 	 
32.500000 	 5.866900 	 -0.216143 	 
32.599998 	 4.171200 	 -0.107044 	 
32.700001 	 4.880500 	 -0.009524 	 
32.799999 	 2.820400 	 0.088835 	 
32.900002 	 5.251300 	 0.195920 	 
33.000000 	 3.281700 	 0.278405 	 
33.099998 	 3.913400 	 0.388675 	 
33.200001 	 5.246100 	 0.482918 	 
33.299999 	 6.405900 	 0.577242 	 
33.400002 	 4.421000 	 0.649753 	 
33.500000 	 4.353800 	 0.731447 	 
33.599998 	 5.288100 	 0.815318 	 
33.700001 	 3.944200 	 0.886193 	 
33.799999 	 3.335400 	 0.951463 	 
33.900002 	 2.905500 	 1.003725 	 
34.000000 	 1.935200 	 1.028521 	 
34.099998 	 2.664700 	 1.062364 	 
34.200001 	 1.498200 	 1.051354 	 
34.299999 	 1.391000 	 1.052748 	 
34.400002 	 2.340500 	 1.059576 	 
34.500000 	 -0.584690 	 1.035724 	 
34.599998 	 -0.767400 	 1.003003 	 
34.700001 	 -0.272310 	 0.980446 	 
34.799999 	 -0.782430 	 0.923233 	 
34.900002 	 -1.428200 	 0.880265 	 
35.000000 	 -0.358660 	 0.838204 	 
35.099998 	 -3.522500 	 0.760602 	 
35.200001 	 -3.232200 	 0.658312 	 
35.299999 	 -3.976500 	 0.553185 	 
35.400002 	 -4.550900 	 0.452424 	 
35.500000 	 -4.428100 	 0.349176 	 
35.599998 	 -2.427000 	 0.262471 	 
35.700001 	 -5.308500 	 0.153520 	 
35.799999 	 -4.304400 	 0.058987 	 
35.900002 	 -6.140200 	 -0.073185 	 
36.000000 	 -5.826900 	 -0.196386 	 
36.099998 	 -4.102300 	 -0.298251 	 
36.200001 	 -5.542500 	 -0.422639 	 
36.299999 	 -5.246900 	 -0.514773 	 
36.400002 	 -5.402200 	 -0.623972 	 
36.500000 	 -3.536500 	 -0.714998 	 
36.599998 	 -6.227300 	 -0.835124 	 
36.700001 	 -3.982500 	 -0.911354 	 
36.799999 	 -4.584500 	 -0.986632 	 
36.900002 	 -3.095000 	 -1.049572 	 
37.000000 	 -4.845900 	 -1.109955 	 
37.099998 	 -1.021800 	 -1.105407 	 
37.200001 	 -2.802500 	 -1.145381 	 
37.299999 	 0.096356 	 -1.138329 	 
37.400002 	 -2.145500 	 -1.152062 	 
37.500000 	 -1.938400 	 -1.159199 	 
37.599998 	 -0.193530 	 -1.145497 	 
37.700001 	 -0.998040 	 -1.139047 	 
37.799999 	 0.806130 	 -1.090786 	 
37.900002 	 1.439800 	 -1.038634 	 
38.000000 	 1.905400 	 -0.970618 	 
38.099998 	 2.050600 	 -0.907938 	 
38.200001 	 2.357100 	 -0.825472 	 
38.299999 	 2.070500 	 -0.742539 	 
38.400002 	 2.562200 	 -0.658876 	 
38.500000 	 5.209100 	 -0.548848 	 
38.599998 	 1.809700 	 -0.464273 	 
38.700001 	 3.226600 	 -0.371555 	 
38.799999 	 4.766800 	 -0.257800 	 
38.900002 	 5.109400 	 -0.153792 	 
39.000000 	 4.316200 	 -0.058297 	 
39.099998 	 5.212300 	 0.039557 	 
39.200001 	 4.707700 	 0.161843 	 
39.299999 	 5.924500 	 0.293406 	 
39.400002 	 5.360900 	 0.378375 	 
39.500000 	 4.358500 	 0.477892 	 
39.599998 	 2.465800 	 0.544751 	 
39.700001 	 4.958200 	 0.629330 	 
39.799999 	 6.371000 	 0.733137 	 
39.900002 	 4.537400 	 0.827507 	 
40.000000 	 3.426300 	 0.888813 	 
40.099998 	 5.014600 	 0.967256 	 
40.200001 	 3.123500 	 0.992184 	 
40.299999 	 4.298100 	 1.028155 	 
40.400002 	 2.412200 	 1.052066 	 
40.500000 	 2.349100 	 1.080233 	 
40.599998 	 2.845300 	 1.100535 	 
40.700001 	 1.477000 	 1.098709 	 
40.799999 	 2.668300 	 1.119552 	 
40.900002 	 -1.522100 	 1.066434 	 
41.000000 	 -2.053200 	 1.014887 	 
41.099998 	 -0.070222 	 0.994770 	 
41.200001 	 -2.246400 	 0.941671 	 
41.299999 	 -2.163100 	 0.862256 	 
41.400002 	 -1.677600 	 0.798252 	 
41.500000 	 -2.772800 	 0.702256 	 
41.599998 	 -3.516100 	 0.616841 	 
41.700001 	 -3.350800 	 0.525382 	 
41.799999 	 -5.098600 	 0.437393 	 
41.900002 	 -4.407900 	 0.330069 	 
42.000000 	 -3.330700 	 0.256598 	 
42.099998 	 -4.417200 	 0.164036 	 
42.200001 	 -2.201000 	 0.081290 	 
42.299999 	 -3.757800 	 -0.031640 	 
42.400002 	 -3.252100 	 -0.116897 	 
42.500000 	 -4.758000 	 -0.218139 	 
42.599998 	 -6.140100 	 -0.345119 	 
42.700001 	 -5.463700 	 -0.449651 	 
42.799999 	 -3.110200 	 -0.521269 	 
42.900002 	 -5.414800 	 -0.613717 	 
43.000000 	 -3.266100 	 -0.671509 	 
43.099998 	 -3.246500 	 -0.737189 	 
43.200001 	 -4.514300 	 -0.803994 	 
43.299999 	 -2.179600 	 -0.843668 	 
43.400002 	 -3.958600 	 -0.913658 	 
43.500000 	 -2.138300 	 -0.930920 	 
43.599998 	 -2.749100 	 -0.952939 	 
43.700001 	 -1.116700 	 -0.962321 	 
43.799999 	 -1.025600 	 -0.965023 	 
43.900002 	 -1.887800 	 -0.970130 	 
44.000000 	 1.155200 	 -0.953309 	 
44.099998 	 1.680300 	 -0.895500 	 
44.200001 	 1.506300 	 -0.842850 	 
44.299999 	 1.233700 	 -0.784959 	 
44.400002 	 0.136830 	 -0.732873 	 
44.500000 	 1.605100 	 -0.665838 	 
44.599998 	 3.196200 	 -0.603358 	 
44.700001 	 3.416700 	 -0.506411 	 
44.799999 	 3.604900 	 -0.418530 	 
44.900002 	 4.119500 	 -0.304533 	 
45.000000 	 5.419500 	 -0.179573 	 
45.099998 	 5.455600 	 -0.073374 	 
45.200001 	 3.060100 	 0.022210 	 
45.299999 	 4.843800 	 0.134329 	 
45.400002 	 2.917700 	 0.226773 	 
45.500000 	 6.998300 	 0.343826 	 
45.599998 	 6.572800 	 0.486049 	 
45.700001 	 6.206300 	 0.599258 	 
45.799999 	 5.146700 	 0.707383 	 
45.900002 	 5.431000 	 0.802116 	 
46.000000 	 4.152700 	 0.902100 	 
46.099998 	 5.278300 	 0.972102 	 
46.200001 	 3.616600 	 1.043425 	 
46.299999 	 2.098800 	 1.065674 	 
46.400002 	 4.218100 	 1.136381 	 
46.500000 	 4.539100 	 1.208353 	 
46.599998 	 3.073300 	 1.244651 	 
46.700001 	 -0.623910 	 1.248808 	 
46.799999 	 2.537900 	 1.268050 	 
46.900002 	 3.403800 	 1.289872 	 
47.000000 	 -1.448200 	 1.252610 	 
47.099998 	 1.686400 	 1.248563 	 
47.200001 	 0.706670 	 1.230225 	 
47.299999 	 -1.846800 	 1.186700 	 
47.400002 	 -1.980900 	 1.136221 	 
47.500000 	 -4.159000 	 1.032131 	 
47.599998 	 0.177950 	 1.014000 	 
47.700001 	 -3.879000 	 0.935049 	 
47.799999 	 -3.103800 	 0.847598 	 
47.900002 	 -3.874200 	 0.747780 	 
48.000000 	 -3.550600 	 0.660371 	 
48.099998 	 -4.070400 	 0.557230 	 
48.200001 	 -5.806000 	 0.440411 	 
48.299999 	 -4.623400 	 0.323213 	 
48.400002 	 -4.783800 	 0.210493 	 
48.500000 	 -5.284000 	 0.103355 	 
48.599998 	 -4.682700 	 0.023927 	 
48.700001 	 -5.743000 	 -0.094975 	 
48.799999 	 -6.175400 	 -0.234380 	 
48.900002 	 -5.236100 	 -0.342974 	 
49.000000 	 -5.426100 	 -0.441334 	 
49.099998 	 -5.895000 	 -0.562552 	 
49.200001 	 -3.661000 	 -0.637935 	 
49.299999 	 -4.440100 	 -0.735026 	 
49.400002 	 -3.314700 	 -0.798659 	 
49.500000 	 -3.814100 	 -0.867139 	 
49.599998 	 -2.666900 	 -0.928385 	 
49.700001 	 -2.050600 	 -0.967581 	 
49.799999 	 -2.188400 	 -1.021544 	 
49.900002 	 -3.015100 	 -1.038133 	 
50.000000 	 -1.614000 	 -1.033253 	 
50.099998 	 -1.843200 	 -1.052953 	 
50.200001 	 0.159280 	 -1.026223 	 
50.299999 	 -0.242080 	 -1.004878 	 
50.400002 	 -0.053134 	 -0.986828 	 
50.500000 	 1.749300 	 -0.936583 	 
50.599998 	 2.564600 	 -0.869020 	 
50.700001 	 0.939790 	 -0.821347 	 
50.799999 	 2.526100 	 -0.736628 	 
50.900002 	 3.494200 	 -0.648826 	 
51.000000 	 3.273900 	 -0.575442 	 
51.099998 	 5.560500 	 -0.464579 	 
51.200001 	 3.753200 	 -0.398421 	 
51.299999 	 4.900100 	 -0.302222 	 
51.400002 	 3.320900 	 -0.229189 	 
51.500000 	 4.022100 	 -0.131632 	 
51.599998 	 5.300500 	 -0.004514 	 
51.700001 	 5.609800 	 0.118524 	 
51.799999 	 5.291000 	 0.211871 	 
51.900002 	 7.161600 	 0.351609 	 
52.000000 	 4.427400 	 0.437092 	 
52.099998 	 4.261700 	 0.520517 	 
52.200001 	 5.706500 	 0.634081 	 
52.299999 	 3.651000 	 0.698866 	 
52.400002 	 6.442900 	 0.814438 	 
52.500000 	 3.380300 	 0.875756 	 
52.599998 	 3.305600 	 0.943030 	 
52.700001 	 4.376900 	 1.004070 	 
52.799999 	 2.068300 	 1.038447 	 
52.900002 	 3.365200 	 1.096813 	 
53.000000 	 2.771700 	 1.114774 	 
53.099998 	 0.436810 	 1.100958 	 
53.200001 	 1.862000 	 1.104910 	 
53.299999 	 0.876110 	 1.100937 	 
53.400002 	 -0.520490 	 1.093633 	 
53.500000 	 -1.094600 	 1.063637 	 
53.599998 	 -0.939620 	 1.017683 	 
53.700001 	 -1.200400 	 0.966382 	 
53.799999 	 -2.741000 	 0.895872 	 
53.900002 	 -2.050100 	 0.827321 	 
54.000000 	 -2.917100 	 0.734692 	 
54.099998 	 -4.033400 	 0.629259 	 
54.200001 	 -4.579800 	 0.544371 	 
54.299999 	 -4.457900 	 0.441019 	 
54.400002 	 -4.993100 	 0.353121 	 
54.500000 	 -3.367400 	 0.237946 	 
54.599998 	 -5.783900 	 0.100650 	 
54.700001 	 -4.675000 	 -0.020254 	 
54.799999 	 -4.400600 	 -0.126335 	 
54.900002 	 -5.953700 	 -0.252831 	 
55.000000 	 -4.630100 	 -0.350418 	 
55.099998 	 -5.445900 	 -0.469576 	 
55.200001 	 -5.760100 	 -0.573761 	 
55.299999 	 -6.203500 	 -0.666009 	 
55.400002 	 -5.510700 	 -0.774107 	 
55.500000 	 -2.618300 	 -0.853633 	 
55.599998 	 -5.634200 	 -0.950383 	 
55.700001 	 -4.405100 	 -0.992397 	 
55.799999 	 -4.558200 	 -1.071242 	 
55.900002 	 -2.259300 	 -1.134166 	 
56.000000 	 -3.525800 	 -1.157250 	 
56.099998 	 -2.612500 	 -1.205016 	 
56.200001 	 -0.985540 	 -1.223818 	 
56.299999 	 -0.299350 	 -1.206624 	 
56.400002 	 -1.833400 	 -1.204985 	 
56.500000 	 -0.434990 	 -1.163607 	 
56.599998 	 0.634830 	 -1.158531 	 
56.700001 	 0.743020 	 -1.107175 	 
56.799999 	 3.112300 	 -1.038107 	 
56.900002 	 3.015700 	 -0.961553 	 
57.000000 	 3.513900 	 -0.883059 	 
57.099998 	 0.565100 	 -0.831553 	 
57.200001 	 2.679600 	 -0.737269 	 
57.299999 	 3.173500 	 -0.650636 	 
57.400002 	 2.674100 	 -0.567771 	 
57.500000 	 3.280600 	 -0.472609 	 
57.599998 	 5.065900 	 -0.364291 	 
57.700001 	 3.169400 	 -0.265264 	 
57.799999 	 5.917500 	 -0.130899 	 
57.900002 	 6.543400 	 -0.000015 	 
58.000000 	 4.977600 	 0.115582 	 
58.099998 	 6.797000 	 0.256604 	 
58.200001 	 6.590800 	 0.370513 	 
58.299999 	 4.997500 	 0.475375 	 
58.400002 	 4.404400 	 0.561143 	 
58.500000 	 5.494400 	 0.664570 	 
58.599998 	 3.769300 	 0.736084 	 
58.700001 	 4.004500 	 0.803363 	 
58.799999 	 5.086800 	 0.884198 	 
58.900002 	 2.542100 	 0.945945 	 
59.000000 	 2.486300 	 0.991504 	 
59.099998 	 3.660700 	 1.052658 	 
59.200001 	 0.516360 	 1.056626 	 
59.299999 	 2.832900 	 1.090792 	 
59.400002 	 1.335700 	 1.106224 	 
59.500000 	 0.797680 	 1.095650 	 
59.599998 	 0.296810 	 1.070453 	 
59.700001 	 -0.436420 	 1.055161 	 
59.799999 	 -0.603280 	 1.020390 	 
59.900002 	 -1.503700 	 0.964858 	 
60.000000 	 -2.312800 	 0.902784 	 
60.099998 	 -0.982290 	 0.830086 	 
60.200001 	 -2.443100 	 0.761238 	 
60.299999 	 -2.406300 	 0.680056 	 
60.400002 	 -2.693200 	 0.613233 	 
60.500000 	 -3.793500 	 0.526393 	 
60.599998 	 -4.305600 	 0.419658 	 
60.700001 	 -3.802500 	 0.315077 	 
60.799999 	 -4.781100 	 0.203165 	 
60.900002 	 -4.159000 	 0.077380 	 
61.000000 	 -5.919800 	 -0.037588 	 
61.099998 	 -4.906200 	 -0.139454 	 
61.200001 	 -4.871400 	 -0.256986 	 
61.299999 	 -3.616800 	 -0.337739 	 
61.400002 	 -3.203700 	 -0.444924 	 
61.500000 	 -5.084500 	 -0.538977 	 
61.599998 	 -5.387500 	 -0.635567 	 
61.700001 	 -5.571400 	 -0.746104 	 
61.799999 	 -4.866400 	 -0.823156 	 
61.900002 	 -4.011100 	 -0.905115 	 
62.000000 	 -4.942300 	 -0.990826 	 
62.099998 	 -3.818400 	 -1.038107 	 
62.200001 	 -2.402000 	 -1.085484 	 
62.299999 	 -1.110800 	 -1.107561 	 
62.400002 	 -1.110800 	 -1.114120 	 
62.500000 	 -2.263800 	 -1.127111 	 
62.599998 	 -3.148000 	 -1.151649 	 
62.700001 	 -1.055600 	 -1.150040 	 
62.799999 	 0.190050 	 -1.117473 	 
62.900002 	 0.390590 	 -1.090354 	 
63.000000 	 0.231620 	 -1.055368 	 
63.099998 	 0.761610 	 -1.002090 	 
63.200001 	 2.242500 	 -0.926287 	 
63.299999 	 3.641100 	 -0.836298 	 
63.400002 	 3.317100 	 -0.743962 	 
63.500000 	 0.907120 	 -0.696468 	 
63.599998 	 2.632800 	 -0.602949 	 
63.700001 	 2.737700 	 -0.520585 	 
63.799999 	 3.211500 	 -0.436007 	 
63.900002 	 5.767300 	 -0.305773 	 
64.000000 	 4.963100 	 -0.199182 	 
64.099998 	 4.796700 	 -0.085375 	 
64.199997 	 4.778300 	 0.031718 	 
64.300003 	 3.073700 	 0.134798 	 
64.400002 	 4.705400 	 0.248310 	 
64.500000 	 4.366400 	 0.325918 	 
64.599998 	 4.739400 	 0.441180 	 
64.699997 	 3.984400 	 0.534397 	 
64.800003 	 5.272500 	 0.643627 	 
64.900002 	 4.067500 	 0.713924 	 
65.000000 	 4.385600 	 0.801829 	 
65.099998 	 4.411200 	 0.879870 	 
65.199997 	 3.525800 	 0.929996 	 
65.300003 	 3.148900 	 0.968310 	 
65.400002 	 3.625100 	 1.028960 	 
65.500000 	 3.209100 	 1.069450 	 
65.599998 	 0.559750 	 1.068616 	 
65.699997 	 0.078394 	 1.061231 	 
65.800003 	 2.222000 	 1.051339 	 
65.900002 	 0.089518 	 1.018826 	 
66.000000 	 0.034930 	 0.980171 	 
66.099998 	 -0.401010 	 0.969436 	 
66.199997 	 -1.366000 	 0.924485 	 
66.300003 	 -1.472700 	 0.872860 	 
66.400002 	 -2.460600 	 0.815808 	 
66.500000 	 -1.434700 	 0.763416 	 
66.599998 	 -2.361800 	 0.680886 	 
66.699997 	 -4.079700 	 0.600340 	 
66.800003 	 -3.014500 	 0.501096 	 
66.900002 	 -5.309500 	 0.369397 	 
67.000000 	 -5.443600 	 0.253606 	 
67.099998 	 -5.716500 	 0.114567 	 
67.199997 	 -4.912700 	 -0.013249 	 
67.300003 	 -4.352400 	 -0.117137 	 
67.400002 	 -4.022700 	 -0.210772 	 
67.500000 	 -5.569200 	 -0.333701 	 
67.599998 	 -5.797500 	 -0.439998 	 
67.699997 	 -4.765000 	 -0.537437 	 
67.800003 	 -4.197200 	 -0.640593 	 
67.900002 	 -5.825400 	 -0.733565 	 
68.000000 	 -4.903200 	 -0.815671 	 
68.099998 	 -4.166100 	 -0.902635 	 
68.199997 	 -4.407500 	 -0.957345 	 
68.300003 	 -3.875100 	 -1.031878 	 
68.400002 	 -3.800900 	 -1.088951 	 
68.500000 	 -1.248200 	 -1.111683 	 
68.599998 	 -4.281400 	 -1.162552 	 
68.699997 	 -1.913700 	 -1.178967 	 
68.800003 	 0.230240 	 -1.169705 	 
68.900002 	 -1.417000 	 -1.168742 	 
69.000000 	 -0.368560 	 -1.147139 	 
69.099998 	 -2.096200 	 -1.159516 	 
69.199997 	 -1.199300 	 -1.145696 	 
69.300003 	 -0.554430 	 -1.125120 	 
69.400002 	 2.972500 	 -1.062168 	 
69.500000 	 2.650200 	 -0.990571 	 
69.599998 	 1.808000 	 -0.922642 	 
69.699997 	 3.021300 	 -0.846822 	 
69.800003 	 5.066300 	 -0.737406 	 
69.900002 	 2.668600 	 -0.661544 	 
70.000000 	 4.347100 	 -0.547467 	 
70.099998 	 4.979800 	 -0.437623 	 
70.199997 	 3.195800 	 -0.347988 	 
70.300003 	 3.406900 	 -0.269946 	 
70.400002 	 5.142300 	 -0.177213 	 
70.500000 	 5.521200 	 -0.059372 	 
70.599998 	 3.551700 	 0.039953 	 
70.699997 	 6.073700 	 0.169342 	 
70.800003 	 4.542900 	 0.273890 	 
70.900002 	 3.047700 	 0.352321 	 
71.000000 	 4.981200 	 0.462582 	 
71.099998 	 5.870900 	 0.570241 	 
71.199997 	 4.088600 	 0.642359 	 
71.300003 	 5.491900 	 0.715722 	 
71.400002 	 4.528900 	 0.778386 	 
71.500000 	 2.075200 	 0.826597 	 
71.599998 	 2.205700 	 0.886082 	 
71.699997 	 2.596200 	 0.926658 	 
71.800003 	 3.399500 	 0.962319 	 
71.900002 	 2.255900 	 0.983044 	 
72.000000 	 -0.128440 	 0.979044 	 
72.099998 	 2.159600 	 0.994577 	 
72.199997 	 0.475710 	 0.974946 	 
72.300003 	 0.649860 	 0.941710 	 
72.400002 	 -1.300100 	 0.890408 	 
72.500000 	 -2.217400 	 0.855691 	 
72.599998 	 -2.657500 	 0.796910 	 
72.699997 	 -1.057900 	 0.754736 	 
72.800003 	 -4.614100 	 0.667785 	 
72.900002 	 -2.976000 	 0.570637 	 
73.000000 	 -3.964500 	 0.471442 	 
73.099998 	 -4.183600 	 0.371661 	 
73.199997 	 -4.621700 	 0.267216 	 
73.300003 	 -4.599100 	 0.181963 	 
73.400002 	 -4.307500 	 0.081820 	 
73.500000 	 -5.451500 	 -0.027268 	 
73.599998 	 -5.811300 	 -0.144498 	 
73.699997 	 -6.448500 	 -0.260419 	 
73.800003 	 -6.073200 	 -0.386483 	 
73.900002 	 -3.645100 	 -0.472178 	 
74.000000 	 -5.376100 	 -0.580642 	 
74.099998 	 -6.401600 	 -0.700784 	 
74.199997 	 -5.542800 	 -0.801546 	 
74.300003 	 -4.146200 	 -0.882603 	 
74.400002 	 -4.315100 	 -0.970827 	 
74.500000 	 -3.844100 	 -1.049196 	 
74.599998 	 -3.933000 	 -1.099115 	 
74.699997 	 -1.884300 	 -1.120923 	 
74.800003 	 -3.529000 	 -1.184823 	 
74.900002 	 -3.189400 	 -1.221256 	 
75.000000 	 -3.794000 	 -1.263799 	 
75.099998 	 -1.624400 	 -1.277393 	 
75.199997 	 -1.320700 	 -1.276889 	 
75.300003 	 0.050078 	 -1.259969 	 
75.400002 	 -0.547640 	 -1.238714 	 
75.500000 	 -0.654610 	 -1.230047 	 
75.599998 	 -0.971270 	 -1.214596 	 
75.699997 	 4.337900 	 -1.121068 	 
75.800003 	 2.337000 	 -1.061606 	 
75.900002 	 4.453000 	 -0.953134 	 
76.000000 	 3.241300 	 -0.856635 	 
76.099998 	 1.763300 	 -0.773526 	 
76.199997 	 4.588400 	 -0.667959 	 
76.300003 	 3.501500 	 -0.580693 	 
76.400002 	 5.428100 	 -0.475684 	 
76.500000 	 5.489900 	 -0.352805 	 
76.599998 	 5.330700 	 -0.229159 	 
76.699997 	 5.172300 	 -0.118744 	 
76.800003 	 4.724600 	 -0.019613 	 
76.900002 	 6.824100 	 0.120937 	 
77.000000 	 4.864800 	 0.229470 	 
77.099998 	 3.735000 	 0.317260 	 
77.199997 	 3.603200 	 0.406268 	 
77.300003 	 4.873500 	 0.503475 	 
77.400002 	 3.722700 	 0.587071 	 
77.500000 	 2.700200 	 0.630942 	 
77.599998 	 3.699600 	 0.719620 	 
77.699997 	 4.363100 	 0.789362 	 
77.800003 	 4.335000 	 0.834970 	 
77.900002 	 2.905700 	 0.883000 	 
78.000000 	 1.840000 	 0.907540 	 
78.099998 	 1.631900 	 0.948963 	 
78.199997 	 0.183940 	 0.964332 	 
78.300003 	 1.407500 	 0.986132 	 
78.400002 	 -0.074548 	 0.952275 	 
78.500000 	 -0.438100 	 0.917961 	 
78.599998 	 -0.776150 	 0.889248 	 
78.699997 	 -1.071200 	 0.843776 	 
78.800003 	 -0.914850 	 0.777319 	 
78.900002 	 -1.814400 	 0.727508 	 
79.000000 	 -1.001400 	 0.668080 	 
79.099998 	 -3.046000 	 0.578904 	 
79.199997 	 -2.519100 	 0.515405 	 
79.300003 	 -4.570400 	 0.426769 	 
79.400002 	 -4.992500 	 0.314160 	 
79.500000 	 -6.009600 	 0.186040 	 
79.599998 	 -4.897700 	 0.092158 	 
79.699997 	 -4.641200 	 -0.026897 	 
79.800003 	 -5.017700 	 -0.133126 	 
79.900002 	 -4.536400 	 -0.217394 	 
80.000000 	 -4.694100 	 -0.324897 	 
80.099998 	 -6.068100 	 -0.457553 	 
80.199997 	 -3.369700 	 -0.540423 	 
80.300003 	 -3.836700 	 -0.644074 	 
80.400002 	 -4.085200 	 -0.739786 	 
80.500000 	 -5.003200 	 -0.818435 	 
80.599998 	 -2.967800 	 -0.875918 	 
80.699997 	 -3.478500 	 -0.943415 	 
80.800003 	 -2.696700 	 -1.011150 	 
80.900002 	 -4.269700 	 -1.083657 	 
81.000000 	 -1.937900 	 -1.103762 	 
81.099998 	 -2.939100 	 -1.160414 	 
81.199997 	 -3.030800 	 -1.199376 	 
81.300003 	 -2.871500 	 -1.238502 	 
81.400002 	 -2.111300 	 -1.247515 	 
81.500000 	 -2.510300 	 -1.250769 	 
81.599998 	 -1.014500 	 -1.232514 	 
81.699997 	 -0.866830 	 -1.230391 	 
81.800003 	 1.488700 	 -1.162582 	 
81.900002 	 2.608100 	 -1.100536 	 
82.000000 	 1.036800 	 -1.044966 	 
82.099998 	 1.894600 	 -0.977431 	 
82.199997 	 1.544900 	 -0.908913 	 
82.300003 	 3.936700 	 -0.814071 	 
82.400002 	 1.925500 	 -0.744815 	 
82.500000 	 5.023300 	 -0.628429 	 
82.599998 	 4.620000 	 -0.512526 	 
82.699997 	 2.348100 	 -0.414785 	 
82.800003 	 3.948100 	 -0.303438 	 
82.900002 	 4.285300 	 -0.215322 	 
83.000000 	 5.366900 	 -0.095955 	 
83.099998 	 6.181500 	 0.043857 	 
83.199997 	 4.924900 	 0.160165 	 
83.300003 	 4.421400 	 0.255360 	 
83.400002 	 2.351800 	 0.329437 	 
83.500000 	 4.235200 	 0.419207 	 
83.599998 	 5.816300 	 0.527532 	 
83.699997 	 3.769000 	 0.590347 	 
83.800003 	 4.856200 	 0.683516 	 
83.900002 	 4.367000 	 0.767476 	 
84.000000 	 2.128800 	 0.833285 	 
84.099998 	 3.069000 	 0.885434 	 
84.199997 	 3.760300 	 0.941889 	 
84.300003 	 2.979200 	 0.974435 	 
84.400002 	 2.690800 	 1.010418 	 
84.500000 	 1.637500 	 1.035885 	 
84.599998 	 0.172690 	 1.048596 	 
84.699997 	 1.085900 	 1.012463 	 
84.800003 	 0.300220 	 0.989832 	 
84.900002 	 -0.667090 	 0.932942 	 
85.000000 	 -2.420600 	 0.870032 	 
85.099998 	 -1.343600 	 0.835511 	 
85.199997 	 -2.695900 	 0.754574 	 
85.300003 	 -0.676880 	 0.708148 	 
85.400002 	 -2.270300 	 0.622610 	 
85.500000 	 -1.324300 	 0.546897 	 
85.599998 	 -3.399400 	 0.449896 	 
85.699997 	 -4.128900 	 0.346549 	 
85.800003 	 -4.730700 	 0.241490 	 
85.900002 	 -4.978700 	 0.110348 	 
86.000000 	 -5.013500 	 0.000589 	 
86.099998 	 -3.387400 	 -0.078549 	 
86.199997 	 -6.059900 	 -0.185917 	 
86.300003 	 -4.257200 	 -0.287369 	 
86.400002 	 -5.109000 	 -0.385499 	 
86.500000 	 -3.479100 	 -0.454158 	 
86.599998 	 -6.258300 	 -0.564801 	 
86.699997 	 -4.457400 	 -0.662807 	 
86.800003 	 -5.618900 	 -0.773406 	 
86.900002 	 -4.903500 	 -0.860175 	 
87.000000 	 -4.141300 	 -0.926633 	 
87.099998 	 -4.300500 	 -0.992549 	 
87.199997 	 -3.096500 	 -1.028998 	 
87.300003 	 -3.067800 	 -1.078724 	 
87.400002 	 -2.351200 	 -1.104020 	 
87.500000 	 -3.695100 	 -1.140209 	 
87.599998 	 -2.135800 	 -1.155316 	 
87.699997 	 -1.830700 	 -1.163755 	 
87.800003 	 -0.853410 	 -1.163072 	 
87.900002 	 -0.388390 	 -1.147228 	 
88.000000 	 0.987570 	 -1.125128 	 
88.099998 	 0.795850 	 -1.082441 	 
88.199997 	 2.379100 	 -1.028016 	 
88.300003 	 2.802400 	 -0.946096 	 
88.400002 	 0.693390 	 -0.882920 	 
88.500000 	 1.389400 	 -0.800709 	 
88.599998 	 2.151000 	 -0.722390 	 
88.699997 	 3.529100 	 -0.631609 	 
88.800003 	 2.499100 	 -0.548089 	 
88.900002 	 4.259000 	 -0.450362 	 
89.000000 	 4.690300 	 -0.346091 	 
89.099998 	 4.385800 	 -0.229936 	 
89.199997 	 4.300700 	 -0.144710 	 
89.300003 	 6.514300 	 -0.029699 	 
89.400002 	 4.676800 	 0.067657 	 
89.500000 	 5.703300 	 0.186618 	 
89.599998 	 4.446200 	 0.268996 	 
89.699997 	 6.140700 	 0.375876 	 
89.800003 	 2.916200 	 0.438241 	 
89.900002 	 4.160500 	 0.531910 	 
90.000000 	 4.473500 	 0.603148 	 
90.099998 	 2.231300 	 0.660597 	 
90.199997 	 7.027500 	 0.772356 	 
90.300003 	 3.388100 	 0.841907 	 
90.400002 	 5.461300 	 0.926047 	 
90.500000 	 3.501500 	 0.992845 	 
90.599998 	 2.319700 	 1.029891 	 
90.699997 	 0.495550 	 1.045029 	 
90.800003 	 0.976080 	 1.039333 	 
90.900002 	 1.263600 	 1.024394 	 
91.000000 	 -1.498400 	 0.996225 	 
91.099998 	 -0.538100 	 0.969195 	 
91.199997 	 0.115750 	 0.953316 	 
91.300003 	 -0.178740 	 0.907589 	 
91.400002 	 -1.571200 	 0.868737 	 
91.500000 	 -3.135000 	 0.778089 	 
91.599998 	 -3.705200 	 0.685587 	 
91.699997 	 -2.747100 	 0.628973 	 
91.800003 	 -3.043600 	 0.551288 	 
91.900002 	 -1.778200 	 0.483915 	 
92.000000 	 -3.443700 	 0.386020 	 
92.099998 	 -4.152900 	 0.271193 	 
92.199997 	 -4.335300 	 0.168302 	 
92.300003 	 -4.902000 	 0.064709 	 
92.400002 	 -5.438100 	 -0.021846 	 
92.500000 	 -3.981900 	 -0.113147 	 
92.599998 	 -5.165600 	 -0.235168 	 
92.699997 	 -4.742600 	 -0.329741 	 
92.800003 	 -4.628700 	 -0.435129 	 
92.900002 	 -5.752900 	 -0.547572 	 
93.000000 	 -5.759900 	 -0.635224 	 
93.099998 	 -5.106000 	 -0.726058 	 
93.199997 	 -6.506200 	 -0.840130 	 
93.300003 	 -3.469100 	 -0.911778 	 
93.400002 	 -2.955800 	 -0.974518 	 
93.500000 	 -2.066300 	 -1.015671 	 
93.599998 	 -4.611600 	 -1.068830 	 
93.699997 	 -1.435400 	 -1.096844 	 
93.800003 	 -3.647100 	 -1.140703 	 
93.900002 	 -2.353600 	 -1.159442 	 
94.000000 	 -1.446900 	 -1.148623 	 
94.099998 	 -2.435700 	 -1.160758 	 
94.199997 	 0.287740 	 -1.127606 	 
94.300003 	 0.264590 	 -1.117146 	 
94.400002 	 0.669330 	 -1.084483 	 
94.500000 	 -0.243650 	 -1.072476 	 
94.599998 	 2.216200 	 -1.010080 	 
94.699997 	 1.766600 	 -0.944575 	 
94.800003 	 4.083600 	 -0.846638 	 
94.900002 	 4.420600 	 -0.742201 	 
95.000000 	 3.288000 	 -0.649962 	 
95.099998 	 3.949700 	 -0.568439 	 
95.199997 	 5.260800 	 -0.442654 	 
95.300003 	 5.666800 	 -0.332387 	 
95.400002 	 4.671000 	 -0.223720 	 
95.500000 	 7.080600 	 -0.106390 	 
95.599998 	 5.715200 	 0.026648 	 
95.699997 	 6.267800 	 0.145817 	 
95.800003 	 4.537400 	 0.258665 	 
95.900002 	 3.550700 	 0.352601 	 
96.000000 	 5.998100 	 0.465261 	 
96.099998 	 5.415900 	 0.573221 	 
96.199997 	 5.356500 	 0.667143 	 
96.300003 	 3.609300 	 0.741333 	 
96.400002 	 3.567100 	 0.807092 	 
96.500000 	 4.985200 	 0.903540 	 
96.599998 	 3.139200 	 0.962151 	 
96.699997 	 4.724800 	 1.034989 	 
96.800003 	 1.994800 	 1.066636 	 
96.900002 	 4.297400 	 1.118701 	 
97.000000 	 0.163590 	 1.109545 	 
97.099998 	 -1.010900 	 1.089470 	 
97.199997 	 1.150900 	 1.075823 	 
97.300003 	 2.269600 	 1.069903 	 
97.400002 	 0.974500 	 1.073027 	 
97.500000 	 0.563770 	 1.063853 	 
97.599998 	 -1.267200 	 1.025873 	 
97.699997 	 -1.333200 	 0.971848 	 
97.800003 	 -1.704500 	 0.925141 	 
97.900002 	 -3.678800 	 0.836943 	 
98.000000 	 -1.246100 	 0.770983 	 
98.099998 	 -3.641200 	 0.681795 	 
98.199997 	 -3.157600 	 0.598925 	 
98.300003 	 -4.297400 	 0.478795 	 
98.400002 	 -2.379700 	 0.400389 	 
98.500000 	 -2.950800 	 0.304232 	 
98.599998 	 -3.959700 	 0.210833 	 
98.699997 	 -5.225100 	 0.084547 	 
98.800003 	 -6.214100 	 -0.016901 	 
98.900002 	 -4.689600 	 -0.115235 	 
99.000000 	 -3.862300 	 -0.207855 	 
99.099998 	 -5.086300 	 -0.289162 	 
99.199997 	 -6.314400 	 -0.437405 	 
99.300003 	 -2.694100 	 -0.504985 	 
99.400002 	 -5.776500 	 -0.629850 	 
99.500000 	 -2.695200 	 -0.698702 	 
99.599998 	 -3.246800 	 -0.760552 	 
99.699997 	 -3.434900 	 -0.804224 	 
99.800003 	 -3.223300 	 -0.850883 	 
99.900002 	 -2.541900 	 -0.893167 	 
100.000000 	 -2.949300 	 -0.909288 	 
