0.000000 	 -0.275940 	 -0.275940 	 
0.100000 	 0.683070 	 0.683070 	 
0.200000 	 0.037993 	 0.037993 	 
0.300000 	 2.857600 	 2.857600 	 
0.400000 	 2.869800 	 2.869800 	 
0.500000 	 3.218300 	 3.218300 	 
0.600000 	 3.508400 	 3.508400 	 
0.700000 	 3.854200 	 3.854200 	 
0.800000 	 4.128100 	 4.128100 	 
0.900000 	 3.274900 	 3.274900 	 
1.000000 	 3.344400 	 3.344400 	 
1.100000 	 2.214000 	 2.214000 	 
1.200000 	 5.258300 	 5.258300 	 
1.300000 	 4.642500 	 4.642500 	 
1.400000 	 4.463200 	 4.463200 	 
1.500000 	 5.566200 	 5.566200 	 
1.600000 	 8.322400 	 8.322400 	 
1.700000 	 3.257900 	 3.257900 	 
1.800000 	 3.052600 	 3.052600 	 
1.900000 	 4.068400 	 4.068400 	 
2.000000 	 4.257900 	 4.257900 	 
2.100000 	 2.910700 	 2.910700 	 
2.200000 	 2.062300 	 2.062300 	 
2.300000 	 2.206100 	 2.206100 	 
2.400000 	 4.546000 	 4.546000 	 
2.500000 	 1.799500 	 1.799500 	 
2.600000 	 1.845300 	 1.845300 	 
2.700000 	 0.810960 	 0.810960 	 
2.800000 	 2.950800 	 2.950800 	 
2.900000 	 0.124140 	 0.124140 	 
3.000000 	 0.235530 	 0.235530 	 
3.100000 	 -2.103400 	 -2.103400 	 
3.200000 	 0.114450 	 0.114450 	 
3.300000 	 -1.283900 	 -1.283900 	 
3.400000 	 -1.315900 	 -1.315900 	 
3.500000 	 1.102400 	 1.102400 	 
3.600000 	 -3.172800 	 -3.172800 	 
3.700000 	 -0.992930 	 -0.992930 	 
3.800000 	 -3.172200 	 -3.172200 	 
3.900000 	 -1.763500 	 -1.763500 	 
4.000000 	 -4.533800 	 -4.533800 	 
4.100000 	 -1.692800 	 -1.692800 	 
4.200000 	 -5.885700 	 -5.885700 	 
4.300000 	 -3.463600 	 -3.463600 	 
4.400000 	 -4.026400 	 -4.026400 	 
4.500000 	 -5.371500 	 -5.371500 	 
4.600000 	 -4.459100 	 -4.459100 	 
4.700000 	 -2.907800 	 -2.907800 	 
4.800000 	 -4.961800 	 -4.961800 	 
4.900000 	 -3.761900 	 -3.761900 	 
5.000000 	 -3.987300 	 -3.987300 	 
5.100000 	 -5.896500 	 -5.896500 	 
5.200000 	 -5.502600 	 -5.502600 	 
5.300000 	 -3.645200 	 -3.645200 	 
5.400000 	 -5.184600 	 -5.184600 	 
5.500000 	 -4.109600 	 -4.109600 	 
5.600000 	 -3.161000 	 -3.161000 	 
5.700000 	 -3.901000 	 -3.901000 	 
5.800000 	 -1.190800 	 -1.190800 	 
5.900000 	 -1.606100 	 -1.606100 	 
6.000000 	 -1.957200 	 -0.023710 	 
6.100000 	 -0.867010 	 -0.049545 	 
6.200000 	 -0.939910 	 -0.065843 	 
6.300000 	 0.167520 	 -0.110678 	 
6.400000 	 2.308700 	 -0.120029 	 
6.500000 	 -1.092100 	 -0.191869 	 
6.600000 	 -0.235520 	 -0.254268 	 
6.700000 	 1.855500 	 -0.287580 	 
6.800000 	 3.098500 	 -0.304740 	 
6.900000 	 2.750800 	 -0.313475 	 
7.000000 	 3.825700 	 -0.305453 	 
7.100000 	 3.466300 	 -0.284581 	 
7.200000 	 2.874100 	 -0.324318 	 
7.300000 	 4.074500 	 -0.333784 	 
7.400000 	 5.440700 	 -0.317493 	 
7.500000 	 5.438900 	 -0.319614 	 
7.600000 	 5.062700 	 -0.373943 	 
7.700000 	 4.102400 	 -0.359868 	 
7.800000 	 5.320300 	 -0.322073 	 
7.900000 	 4.809700 	 -0.309718 	 
8.000000 	 4.235300 	 -0.310094 	 
8.100000 	 4.234100 	 -0.288038 	 
8.200000 	 6.887000 	 -0.207626 	 
8.300000 	 5.805800 	 -0.147631 	 
8.400000 	 4.891800 	 -0.141868 	 
8.500000 	 5.289000 	 -0.083710 	 
8.600000 	 3.916000 	 -0.049198 	 
8.700000 	 2.109100 	 -0.027562 	 
8.800000 	 2.079700 	 -0.042081 	 
8.900000 	 0.335760 	 -0.038554 	 
9.000000 	 1.727900 	 -0.013681 	 
9.100000 	 2.291000 	 0.059559 	 
9.200000 	 0.484920 	 0.065733 	 
9.300000 	 0.096449 	 0.088739 	 
9.400000 	 0.447220 	 0.118125 	 
9.500000 	 -0.946460 	 0.083977 	 
9.600000 	 -2.175700 	 0.100595 	 
9.700000 	 -2.076600 	 0.082534 	 
9.800000 	 -1.358600 	 0.112761 	 
9.900000 	 -3.312900 	 0.086938 	 
10.000000 	 -2.279900 	 0.124502 	 
10.100000 	 -2.813200 	 0.105829 	 
10.200000 	 -2.455500 	 0.162999 	 
10.300000 	 -3.744500 	 0.158318 	 
10.400000 	 -3.147200 	 0.172971 	 
10.500000 	 -4.937100 	 0.180211 	 
10.600000 	 -3.620000 	 0.194196 	 
10.700000 	 -4.397500 	 0.169368 	 
10.800000 	 -6.535000 	 0.143148 	 
10.900000 	 -3.862800 	 0.141466 	 
11.000000 	 -5.137100 	 0.122303 	 
11.100000 	 -6.014400 	 0.120338 	 
11.200000 	 -4.283500 	 0.140656 	 
11.300000 	 -4.311100 	 0.129558 	 
11.400000 	 -4.266100 	 0.144866 	 
11.500000 	 -4.862100 	 0.132325 	 
11.600000 	 -3.453300 	 0.127453 	 
11.700000 	 -5.147600 	 0.106676 	 
11.800000 	 -4.097000 	 0.058240 	 
11.900000 	 -1.332000 	 0.062808 	 
12.000000 	 -3.051200 	 0.044575 	 
12.100000 	 -0.982860 	 0.042644 	 
12.200000 	 -1.487800 	 0.033512 	 
12.300000 	 -1.868000 	 -0.000413 	 
12.400000 	 -1.142900 	 -0.057940 	 
12.500000 	 -0.358470 	 -0.045713 	 
12.600000 	 -0.337880 	 -0.047419 	 
12.700000 	 2.141900 	 -0.042645 	 
12.800000 	 0.262800 	 -0.089907 	 
12.900000 	 0.564890 	 -0.126339 	 
13.000000 	 2.552100 	 -0.147565 	 
13.100000 	 2.975700 	 -0.155742 	 
13.200000 	 4.256000 	 -0.132710 	 
13.300000 	 0.719650 	 -0.188624 	 
13.400000 	 3.524800 	 -0.220556 	 
13.500000 	 4.380200 	 -0.238201 	 
13.600000 	 3.370000 	 -0.266413 	 
13.700000 	 3.954500 	 -0.268878 	 
13.800000 	 5.423800 	 -0.267153 	 
13.900000 	 5.486700 	 -0.255870 	 
14.000000 	 5.236300 	 -0.239186 	 
14.100000 	 3.514200 	 -0.251185 	 
14.200000 	 5.624700 	 -0.272223 	 
14.300000 	 5.172500 	 -0.282778 	 
14.400000 	 6.507700 	 -0.255846 	 
14.500000 	 5.375100 	 -0.254411 	 
14.600000 	 3.165600 	 -0.266918 	 
14.700000 	 4.865800 	 -0.220973 	 
14.800000 	 3.849500 	 -0.191476 	 
14.900000 	 3.558000 	 -0.137772 	 
15.000000 	 3.292500 	 -0.111695 	 
15.100000 	 2.600000 	 -0.106545 	 
15.200000 	 2.012100 	 -0.081092 	 
15.300000 	 1.184200 	 -0.062963 	 
15.400000 	 -0.215070 	 -0.074001 	 
15.500000 	 1.770900 	 -0.028712 	 
15.600000 	 -1.414600 	 -0.016027 	 
15.700000 	 1.793100 	 0.048468 	 
15.800000 	 -1.094900 	 0.052863 	 
15.900000 	 -1.173800 	 0.088514 	 
16.000000 	 -1.876300 	 0.095241 	 
16.100000 	 -1.553400 	 0.116238 	 
16.200001 	 -2.381900 	 0.117465 	 
16.299999 	 -4.189800 	 0.110043 	 
16.400000 	 -5.514500 	 0.070588 	 
16.500000 	 -3.798300 	 0.089568 	 
16.600000 	 -4.035200 	 0.082648 	 
16.700001 	 -2.717500 	 0.110648 	 
16.799999 	 -4.864700 	 0.138486 	 
16.900000 	 -4.372000 	 0.129999 	 
17.000000 	 -4.189800 	 0.145787 	 
17.100000 	 -6.339400 	 0.140371 	 
17.200001 	 -4.248700 	 0.140951 	 
17.299999 	 -5.137800 	 0.127172 	 
17.400000 	 -6.172700 	 0.095396 	 
17.500000 	 -5.001600 	 0.093071 	 
17.600000 	 -5.236400 	 0.063352 	 
17.700001 	 -2.324300 	 0.110407 	 
17.799999 	 -4.633200 	 0.101471 	 
17.900000 	 -3.388300 	 0.067199 	 
18.000000 	 -2.585700 	 0.074958 	 
18.100000 	 -2.019100 	 0.057687 	 
18.200001 	 -4.509300 	 0.007329 	 
18.299999 	 -3.280400 	 -0.016211 	 
18.400000 	 -3.867700 	 -0.061625 	 
18.500000 	 -1.788800 	 -0.085463 	 
18.600000 	 -0.378370 	 -0.086138 	 
18.700001 	 -0.446570 	 -0.129279 	 
18.799999 	 -1.329400 	 -0.155816 	 
18.900000 	 2.079700 	 -0.130569 	 
19.000000 	 0.140100 	 -0.170769 	 
19.100000 	 2.668600 	 -0.175888 	 
19.200001 	 1.724200 	 -0.218084 	 
19.299999 	 3.167800 	 -0.177282 	 
19.400000 	 3.404200 	 -0.179292 	 
19.500000 	 6.331900 	 -0.146764 	 
19.600000 	 3.547100 	 -0.143812 	 
19.700001 	 3.088600 	 -0.158244 	 
19.799999 	 5.342200 	 -0.159604 	 
19.900000 	 4.020200 	 -0.184045 	 
20.000000 	 4.160300 	 -0.201979 	 
20.100000 	 4.485600 	 -0.185789 	 
20.200001 	 4.663300 	 -0.201812 	 
20.299999 	 5.339700 	 -0.199025 	 
20.400000 	 5.863800 	 -0.209757 	 
20.500000 	 3.875300 	 -0.234753 	 
20.600000 	 5.684300 	 -0.192775 	 
20.700001 	 3.888900 	 -0.209057 	 
20.799999 	 3.763200 	 -0.210495 	 
20.900000 	 1.259900 	 -0.248797 	 
21.000000 	 4.380700 	 -0.230660 	 
21.100000 	 4.789900 	 -0.194162 	 
21.200001 	 3.630200 	 -0.167194 	 
21.299999 	 3.276400 	 -0.132324 	 
21.400000 	 2.775800 	 -0.082476 	 
21.500000 	 3.067200 	 -0.060871 	 
21.600000 	 2.686000 	 0.007473 	 
21.700001 	 1.760400 	 0.006927 	 
21.799999 	 0.956230 	 0.041113 	 
21.900000 	 -1.009100 	 0.043858 	 
22.000000 	 0.617630 	 0.085423 	 
22.100000 	 -1.901500 	 0.079622 	 
22.200001 	 -1.595800 	 0.092724 	 
22.299999 	 -2.566100 	 0.119785 	 
22.400000 	 -1.452600 	 0.187484 	 
22.500000 	 -3.729500 	 0.188630 	 
22.600000 	 -3.075100 	 0.204632 	 
22.700001 	 -2.795000 	 0.203340 	 
22.799999 	 -2.601100 	 0.241067 	 
22.900000 	 -4.615600 	 0.237007 	 
23.000000 	 -4.095300 	 0.238582 	 
23.100000 	 -5.150300 	 0.258400 	 
23.200001 	 -5.920700 	 0.230534 	 
23.299999 	 -4.030900 	 0.248982 	 
23.400000 	 -4.525900 	 0.276429 	 
23.500000 	 -4.094800 	 0.291542 	 
23.600000 	 -5.647700 	 0.284687 	 
23.700001 	 -3.896300 	 0.258487 	 
23.799999 	 -6.031900 	 0.235175 	 
23.900000 	 -4.386300 	 0.218542 	 
24.000000 	 -4.142000 	 0.192604 	 
24.100000 	 -6.010900 	 0.126074 	 
24.200001 	 -3.235700 	 0.147300 	 
24.299999 	 -2.083300 	 0.167252 	 
24.400000 	 -2.105000 	 0.196630 	 
24.500000 	 -2.998700 	 0.176466 	 
24.600000 	 -2.260300 	 0.145100 	 
24.700001 	 -2.434500 	 0.111968 	 
24.799999 	 -2.538900 	 0.091809 	 
24.900000 	 -1.798100 	 0.027180 	 
25.000000 	 -0.296400 	 0.019904 	 
25.100000 	 -0.381210 	 -0.030926 	 
25.200001 	 2.489100 	 -0.018178 	 
25.299999 	 1.265500 	 -0.049882 	 
25.400000 	 1.726000 	 -0.077852 	 
25.500000 	 1.562000 	 -0.157351 	 
25.600000 	 2.177500 	 -0.180177 	 
25.700001 	 1.757800 	 -0.202357 	 
25.799999 	 4.366800 	 -0.218614 	 
25.900000 	 2.438900 	 -0.244969 	 
26.000000 	 3.426800 	 -0.257194 	 
26.100000 	 3.461700 	 -0.274259 	 
26.200001 	 5.973900 	 -0.252416 	 
26.299999 	 5.484900 	 -0.249996 	 
26.400000 	 4.517600 	 -0.272432 	 
26.500000 	 4.864200 	 -0.255951 	 
26.600000 	 5.376500 	 -0.261081 	 
26.700001 	 4.497100 	 -0.250944 	 
26.799999 	 4.203600 	 -0.243604 	 
26.900000 	 5.755200 	 -0.168683 	 
27.000000 	 5.261200 	 -0.154008 	 
27.100000 	 5.065600 	 -0.149413 	 
27.200001 	 5.652400 	 -0.115710 	 
27.299999 	 3.045200 	 -0.119563 	 
27.400000 	 4.425700 	 -0.092065 	 
27.500000 	 4.655800 	 -0.065588 	 
27.600000 	 4.584100 	 -0.033953 	 
27.700001 	 2.878200 	 -0.015323 	 
27.799999 	 2.190500 	 0.005248 	 
27.900000 	 2.569600 	 0.064893 	 
28.000000 	 0.588540 	 0.064409 	 
28.100000 	 -1.431100 	 0.072248 	 
28.200001 	 0.795160 	 0.112098 	 
28.299999 	 -0.538330 	 0.145894 	 
28.400000 	 -0.909520 	 0.154945 	 
28.500000 	 -1.296100 	 0.195502 	 
28.600000 	 -1.426700 	 0.222975 	 
28.700001 	 -1.578500 	 0.243250 	 
28.799999 	 -3.537400 	 0.227645 	 
28.900000 	 -3.253900 	 0.250340 	 
29.000000 	 -4.216000 	 0.248329 	 
29.100000 	 -3.590600 	 0.274324 	 
29.200001 	 -5.064900 	 0.288587 	 
29.299999 	 -5.393400 	 0.265879 	 
29.400000 	 -4.967500 	 0.258519 	 
29.500000 	 -4.693400 	 0.248542 	 
29.600000 	 -5.802100 	 0.245969 	 
29.700001 	 -5.118000 	 0.225607 	 
29.799999 	 -5.471100 	 0.234954 	 
29.900000 	 -4.251400 	 0.237202 	 
30.000000 	 -4.278300 	 0.234931 	 
30.100000 	 -3.594600 	 0.275203 	 
30.200001 	 -6.298000 	 0.224164 	 
30.299999 	 -5.916200 	 0.160282 	 
30.400000 	 -2.286300 	 0.157261 	 
30.500000 	 -4.598000 	 0.130606 	 
30.600000 	 -3.551500 	 0.109086 	 
30.700001 	 -2.654000 	 0.105427 	 
30.799999 	 -2.971600 	 0.098215 	 
30.900000 	 -3.955900 	 0.062252 	 
31.000000 	 -2.091200 	 0.032339 	 
31.100000 	 -2.045300 	 0.004604 	 
31.200001 	 0.880040 	 -0.022214 	 
31.299999 	 1.060700 	 -0.025627 	 
31.400000 	 0.260180 	 -0.050057 	 
31.500000 	 -0.185890 	 -0.079189 	 
31.600000 	 1.018100 	 -0.098512 	 
31.700001 	 1.641300 	 -0.100454 	 
31.799999 	 0.792500 	 -0.160026 	 
31.900000 	 3.258500 	 -0.146366 	 
32.000000 	 2.586000 	 -0.160379 	 
32.099998 	 1.740300 	 -0.189069 	 
32.200001 	 2.532500 	 -0.246425 	 
32.299999 	 4.984300 	 -0.254769 	 
32.400002 	 4.082700 	 -0.262017 	 
32.500000 	 5.866900 	 -0.245305 	 
32.599998 	 4.171200 	 -0.265394 	 
32.700001 	 4.880500 	 -0.259004 	 
32.799999 	 2.820400 	 -0.282057 	 
32.900002 	 5.251300 	 -0.290455 	 
33.000000 	 3.281700 	 -0.323447 	 
33.099998 	 3.913400 	 -0.342650 	 
33.200001 	 5.246100 	 -0.349422 	 
33.299999 	 6.405900 	 -0.293410 	 
33.400002 	 4.421000 	 -0.293489 	 
33.500000 	 4.353800 	 -0.298522 	 
33.599998 	 5.288100 	 -0.286789 	 
33.700001 	 3.944200 	 -0.269022 	 
33.799999 	 3.335400 	 -0.249940 	 
33.900002 	 2.905500 	 -0.244342 	 
34.000000 	 1.935200 	 -0.221898 	 
34.099998 	 2.664700 	 -0.153634 	 
34.200001 	 1.498200 	 -0.141917 	 
34.299999 	 1.391000 	 -0.109762 	 
34.400002 	 2.340500 	 -0.055595 	 
34.500000 	 -0.584690 	 -0.043738 	 
34.599998 	 -0.767400 	 -0.032749 	 
34.700001 	 -0.272310 	 -0.010980 	 
34.799999 	 -0.782430 	 0.034936 	 
34.900002 	 -1.428200 	 0.065365 	 
35.000000 	 -0.358660 	 0.129654 	 
35.099998 	 -3.522500 	 0.130789 	 
35.200001 	 -3.232200 	 0.161334 	 
35.299999 	 -3.976500 	 0.184949 	 
35.400002 	 -4.550900 	 0.191892 	 
35.500000 	 -4.428100 	 0.196314 	 
35.599998 	 -2.427000 	 0.252566 	 
35.700001 	 -5.308500 	 0.249390 	 
35.799999 	 -4.304400 	 0.268836 	 
35.900002 	 -6.140200 	 0.237356 	 
36.000000 	 -5.826900 	 0.211546 	 
36.099998 	 -4.102300 	 0.203084 	 
36.200001 	 -5.542500 	 0.215675 	 
36.299999 	 -5.246900 	 0.226831 	 
36.400002 	 -5.402200 	 0.174899 	 
36.500000 	 -3.536500 	 0.192591 	 
36.599998 	 -6.227300 	 0.147994 	 
36.700001 	 -3.982500 	 0.125852 	 
36.799999 	 -4.584500 	 0.098971 	 
36.900002 	 -3.095000 	 0.113319 	 
37.000000 	 -4.845900 	 0.067407 	 
37.099998 	 -1.021800 	 0.084466 	 
37.200001 	 -2.802500 	 0.023090 	 
37.299999 	 0.096356 	 0.007018 	 
37.400002 	 -2.145500 	 -0.033077 	 
37.500000 	 -1.938400 	 -0.062285 	 
37.599998 	 -0.193530 	 -0.082479 	 
37.700001 	 -0.998040 	 -0.126468 	 
37.799999 	 0.806130 	 -0.126241 	 
37.900002 	 1.439800 	 -0.156553 	 
38.000000 	 1.905400 	 -0.167896 	 
38.099998 	 2.050600 	 -0.162724 	 
38.200001 	 2.357100 	 -0.165648 	 
38.299999 	 2.070500 	 -0.214211 	 
38.400002 	 2.562200 	 -0.239553 	 
38.500000 	 5.209100 	 -0.250516 	 
38.599998 	 1.809700 	 -0.289874 	 
38.700001 	 3.226600 	 -0.317439 	 
38.799999 	 4.766800 	 -0.284999 	 
38.900002 	 5.109400 	 -0.287365 	 
39.000000 	 4.316200 	 -0.270123 	 
39.099998 	 5.212300 	 -0.248475 	 
39.200001 	 4.707700 	 -0.257448 	 
39.299999 	 5.924500 	 -0.265471 	 
39.400002 	 5.360900 	 -0.249806 	 
39.500000 	 4.358500 	 -0.249728 	 
39.599998 	 2.465800 	 -0.296766 	 
39.700001 	 4.958200 	 -0.279866 	 
39.799999 	 6.371000 	 -0.229273 	 
39.900002 	 4.537400 	 -0.202074 	 
40.000000 	 3.426300 	 -0.177223 	 
40.099998 	 5.014600 	 -0.138058 	 
40.200001 	 3.123500 	 -0.110969 	 
40.299999 	 4.298100 	 -0.062518 	 
40.400002 	 2.412200 	 -0.061323 	 
40.500000 	 2.349100 	 -0.012426 	 
40.599998 	 2.845300 	 0.047785 	 
40.700001 	 1.477000 	 0.076941 	 
40.799999 	 2.668300 	 0.134453 	 
40.900002 	 -1.522100 	 0.132888 	 
41.000000 	 -2.053200 	 0.104645 	 
41.099998 	 -0.070222 	 0.162183 	 
41.200001 	 -2.246400 	 0.178613 	 
41.299999 	 -2.163100 	 0.208837 	 
41.400002 	 -1.677600 	 0.256725 	 
41.500000 	 -2.772800 	 0.284313 	 
41.599998 	 -3.516100 	 0.266162 	 
41.700001 	 -3.350800 	 0.298790 	 
41.799999 	 -5.098600 	 0.285553 	 
41.900002 	 -4.407900 	 0.314425 	 
42.000000 	 -3.330700 	 0.356028 	 
42.099998 	 -4.417200 	 0.350780 	 
42.200001 	 -2.201000 	 0.406472 	 
42.299999 	 -3.757800 	 0.431290 	 
42.400002 	 -3.252100 	 0.467125 	 
42.500000 	 -4.758000 	 0.446766 	 
42.599998 	 -6.140100 	 0.448220 	 
42.700001 	 -5.463700 	 0.423533 	 
42.799999 	 -3.110200 	 0.448105 	 
42.900002 	 -5.414800 	 0.409441 	 
43.000000 	 -3.266100 	 0.435771 	 
43.099998 	 -3.246500 	 0.398693 	 
43.200001 	 -4.514300 	 0.370163 	 
43.299999 	 -2.179600 	 0.332231 	 
43.400002 	 -3.958600 	 0.302012 	 
43.500000 	 -2.138300 	 0.298681 	 
43.599998 	 -2.749100 	 0.256088 	 
43.700001 	 -1.116700 	 0.254110 	 
43.799999 	 -1.025600 	 0.223581 	 
43.900002 	 -1.887800 	 0.168121 	 
44.000000 	 1.155200 	 0.155618 	 
44.099998 	 1.680300 	 0.149446 	 
44.200001 	 1.506300 	 0.135266 	 
44.299999 	 1.233700 	 0.121320 	 
44.400002 	 0.136830 	 0.080897 	 
44.500000 	 1.605100 	 0.020830 	 
44.599998 	 3.196200 	 0.043938 	 
44.700001 	 3.416700 	 0.047107 	 
44.799999 	 3.604900 	 0.027742 	 
44.900002 	 4.119500 	 0.011243 	 
45.000000 	 5.419500 	 0.029632 	 
45.099998 	 5.455600 	 0.033687 	 
45.200001 	 3.060100 	 0.006227 	 
45.299999 	 4.843800 	 -0.011785 	 
45.400002 	 2.917700 	 -0.052505 	 
45.500000 	 6.998300 	 -0.008508 	 
45.599998 	 6.572800 	 0.059942 	 
45.700001 	 6.206300 	 0.080744 	 
45.799999 	 5.146700 	 0.060338 	 
45.900002 	 5.431000 	 0.075232 	 
46.000000 	 4.152700 	 0.087339 	 
46.099998 	 5.278300 	 0.091734 	 
46.200001 	 3.616600 	 0.099952 	 
46.299999 	 2.098800 	 0.063297 	 
46.400002 	 4.218100 	 0.093395 	 
46.500000 	 4.539100 	 0.129895 	 
46.599998 	 3.073300 	 0.133695 	 
46.700001 	 -0.623910 	 0.098680 	 
46.799999 	 2.537900 	 0.096507 	 
46.900002 	 3.403800 	 0.178605 	 
47.000000 	 -1.448200 	 0.188688 	 
47.099998 	 1.686400 	 0.217965 	 
47.200001 	 0.706670 	 0.267183 	 
47.299999 	 -1.846800 	 0.272455 	 
47.400002 	 -1.980900 	 0.267400 	 
47.500000 	 -4.159000 	 0.244297 	 
47.599998 	 0.177950 	 0.305864 	 
47.700001 	 -3.879000 	 0.297061 	 
47.799999 	 -3.103800 	 0.330308 	 
47.900002 	 -3.874200 	 0.339203 	 
48.000000 	 -3.550600 	 0.335538 	 
48.099998 	 -4.070400 	 0.341317 	 
48.200001 	 -5.806000 	 0.281234 	 
48.299999 	 -4.623400 	 0.266807 	 
48.400002 	 -4.783800 	 0.241279 	 
48.500000 	 -5.284000 	 0.232512 	 
48.599998 	 -4.682700 	 0.256802 	 
48.700001 	 -5.743000 	 0.252147 	 
48.799999 	 -6.175400 	 0.201061 	 
48.900002 	 -5.236100 	 0.204039 	 
49.000000 	 -5.426100 	 0.168039 	 
49.099998 	 -5.895000 	 0.123898 	 
49.200001 	 -3.661000 	 0.138119 	 
49.299999 	 -4.440100 	 0.100444 	 
49.400002 	 -3.314700 	 0.111176 	 
49.500000 	 -3.814100 	 0.083246 	 
49.599998 	 -2.666900 	 0.084616 	 
49.700001 	 -2.050600 	 0.069051 	 
49.799999 	 -2.188400 	 0.049671 	 
49.900002 	 -3.015100 	 0.030883 	 
50.000000 	 -1.614000 	 -0.015271 	 
50.099998 	 -1.843200 	 -0.073996 	 
50.200001 	 0.159280 	 -0.096446 	 
50.299999 	 -0.242080 	 -0.121042 	 
50.400002 	 -0.053134 	 -0.124208 	 
50.500000 	 1.749300 	 -0.121805 	 
50.599998 	 2.564600 	 -0.132332 	 
50.700001 	 0.939790 	 -0.173614 	 
50.799999 	 2.526100 	 -0.191593 	 
50.900002 	 3.494200 	 -0.202015 	 
51.000000 	 3.273900 	 -0.237776 	 
51.099998 	 5.560500 	 -0.236027 	 
51.200001 	 3.753200 	 -0.224475 	 
51.299999 	 4.900100 	 -0.223537 	 
51.400002 	 3.320900 	 -0.216817 	 
51.500000 	 4.022100 	 -0.266420 	 
51.599998 	 5.300500 	 -0.287626 	 
51.700001 	 5.609800 	 -0.297567 	 
51.799999 	 5.291000 	 -0.295162 	 
51.900002 	 7.161600 	 -0.266319 	 
52.000000 	 4.427400 	 -0.261741 	 
52.099998 	 4.261700 	 -0.278684 	 
52.200001 	 5.706500 	 -0.243852 	 
52.299999 	 3.651000 	 -0.217982 	 
52.400002 	 6.442900 	 -0.180902 	 
52.500000 	 3.380300 	 -0.200216 	 
52.599998 	 3.305600 	 -0.196344 	 
52.700001 	 4.376900 	 -0.112997 	 
52.799999 	 2.068300 	 -0.120824 	 
52.900002 	 3.365200 	 -0.121467 	 
53.000000 	 2.771700 	 -0.051135 	 
53.099998 	 0.436810 	 -0.071962 	 
53.200001 	 1.862000 	 -0.052706 	 
53.299999 	 0.876110 	 -0.007325 	 
53.400002 	 -0.520490 	 0.017016 	 
53.500000 	 -1.094600 	 0.068089 	 
53.599998 	 -0.939620 	 0.049463 	 
53.700001 	 -1.200400 	 0.094106 	 
53.799999 	 -2.741000 	 0.100153 	 
53.900002 	 -2.050100 	 0.130554 	 
54.000000 	 -2.917100 	 0.141113 	 
54.099998 	 -4.033400 	 0.141729 	 
54.200001 	 -4.579800 	 0.162166 	 
54.299999 	 -4.457900 	 0.164924 	 
54.400002 	 -4.993100 	 0.161436 	 
54.500000 	 -3.367400 	 0.193379 	 
54.599998 	 -5.783900 	 0.175026 	 
54.700001 	 -4.675000 	 0.192826 	 
54.799999 	 -4.400600 	 0.222406 	 
54.900002 	 -5.953700 	 0.210446 	 
55.000000 	 -4.630100 	 0.223713 	 
55.099998 	 -5.445900 	 0.231198 	 
55.200001 	 -5.760100 	 0.196213 	 
55.299999 	 -6.203500 	 0.166823 	 
55.400002 	 -5.510700 	 0.130223 	 
55.500000 	 -2.618300 	 0.150153 	 
55.599998 	 -5.634200 	 0.100698 	 
55.700001 	 -4.405100 	 0.061456 	 
55.799999 	 -4.558200 	 0.021959 	 
55.900002 	 -2.259300 	 0.034556 	 
56.000000 	 -3.525800 	 0.002692 	 
56.099998 	 -2.612500 	 -0.010129 	 
56.200001 	 -0.985540 	 -0.029209 	 
56.299999 	 -0.299350 	 -0.030164 	 
56.400002 	 -1.833400 	 -0.059835 	 
56.500000 	 -0.434990 	 -0.096240 	 
56.599998 	 0.634830 	 -0.128403 	 
56.700001 	 0.743020 	 -0.131682 	 
56.799999 	 3.112300 	 -0.121912 	 
56.900002 	 3.015700 	 -0.129887 	 
57.000000 	 3.513900 	 -0.125887 	 
57.099998 	 0.565100 	 -0.209144 	 
57.200001 	 2.679600 	 -0.227037 	 
57.299999 	 3.173500 	 -0.255814 	 
57.400002 	 2.674100 	 -0.266594 	 
57.500000 	 3.280600 	 -0.278952 	 
57.599998 	 5.065900 	 -0.282862 	 
57.700001 	 3.169400 	 -0.323535 	 
57.799999 	 5.917500 	 -0.313094 	 
57.900002 	 6.543400 	 -0.323397 	 
58.000000 	 4.977600 	 -0.314227 	 
58.099998 	 6.797000 	 -0.271972 	 
58.200001 	 6.590800 	 -0.257234 	 
58.299999 	 4.997500 	 -0.234792 	 
58.400002 	 4.404400 	 -0.268767 	 
58.500000 	 5.494400 	 -0.233532 	 
58.599998 	 3.769300 	 -0.225804 	 
58.700001 	 4.004500 	 -0.232010 	 
58.799999 	 5.086800 	 -0.181702 	 
58.900002 	 2.542100 	 -0.195420 	 
59.000000 	 2.486300 	 -0.200177 	 
59.099998 	 3.660700 	 -0.146445 	 
59.200001 	 0.516360 	 -0.168873 	 
59.299999 	 2.832900 	 -0.136259 	 
59.400002 	 1.335700 	 -0.105323 	 
59.500000 	 0.797680 	 -0.073785 	 
59.599998 	 0.296810 	 -0.053178 	 
59.700001 	 -0.436420 	 -0.040445 	 
59.799999 	 -0.603280 	 -0.004816 	 
59.900002 	 -1.503700 	 0.004291 	 
60.000000 	 -2.312800 	 0.014362 	 
60.099998 	 -0.982290 	 0.065214 	 
60.200001 	 -2.443100 	 0.100826 	 
60.299999 	 -2.406300 	 0.135019 	 
60.400002 	 -2.693200 	 0.173351 	 
60.500000 	 -3.793500 	 0.166249 	 
60.599998 	 -4.305600 	 0.190887 	 
60.700001 	 -3.802500 	 0.205429 	 
60.799999 	 -4.781100 	 0.199087 	 
60.900002 	 -4.159000 	 0.228999 	 
61.000000 	 -5.919800 	 0.207504 	 
61.099998 	 -4.906200 	 0.216499 	 
61.200001 	 -4.871400 	 0.231311 	 
61.299999 	 -3.616800 	 0.274422 	 
61.400002 	 -3.203700 	 0.312872 	 
61.500000 	 -5.084500 	 0.271769 	 
61.599998 	 -5.387500 	 0.275881 	 
61.700001 	 -5.571400 	 0.256442 	 
61.799999 	 -4.866400 	 0.251305 	 
61.900002 	 -4.011100 	 0.222109 	 
62.000000 	 -4.942300 	 0.198500 	 
62.099998 	 -3.818400 	 0.178402 	 
62.200001 	 -2.402000 	 0.154795 	 
62.299999 	 -1.110800 	 0.141270 	 
62.400002 	 -1.110800 	 0.153314 	 
62.500000 	 -2.263800 	 0.122834 	 
62.599998 	 -3.148000 	 0.059786 	 
62.700001 	 -1.055600 	 0.029809 	 
62.799999 	 0.190050 	 -0.018895 	 
62.900002 	 0.390590 	 -0.062647 	 
63.000000 	 0.231620 	 -0.117351 	 
63.099998 	 0.761610 	 -0.114076 	 
63.200001 	 2.242500 	 -0.121361 	 
63.299999 	 3.641100 	 -0.113568 	 
63.400002 	 3.317100 	 -0.102851 	 
63.500000 	 0.907120 	 -0.142409 	 
63.599998 	 2.632800 	 -0.182961 	 
63.700001 	 2.737700 	 -0.190156 	 
63.799999 	 3.211500 	 -0.235256 	 
63.900002 	 5.767300 	 -0.248191 	 
64.000000 	 4.963100 	 -0.248432 	 
64.099998 	 4.796700 	 -0.281771 	 
64.199997 	 4.778300 	 -0.311979 	 
64.300003 	 3.073700 	 -0.344042 	 
64.400002 	 4.705400 	 -0.339026 	 
64.500000 	 4.366400 	 -0.357826 	 
64.599998 	 4.739400 	 -0.341657 	 
64.699997 	 3.984400 	 -0.341993 	 
64.800003 	 5.272500 	 -0.338898 	 
64.900002 	 4.067500 	 -0.313474 	 
65.000000 	 4.385600 	 -0.281819 	 
65.099998 	 4.411200 	 -0.269311 	 
65.199997 	 3.525800 	 -0.219154 	 
65.300003 	 3.148900 	 -0.213887 	 
65.400002 	 3.625100 	 -0.175730 	 
65.500000 	 3.209100 	 -0.135540 	 
65.599998 	 0.559750 	 -0.131158 	 
65.699997 	 0.078394 	 -0.122577 	 
65.800003 	 2.222000 	 -0.075489 	 
65.900002 	 0.089518 	 -0.048936 	 
66.000000 	 0.034930 	 -0.009807 	 
66.099998 	 -0.401010 	 -0.000119 	 
66.199997 	 -1.366000 	 0.017833 	 
66.300003 	 -1.472700 	 0.033393 	 
66.400002 	 -2.460600 	 0.037269 	 
66.500000 	 -1.434700 	 0.076583 	 
66.599998 	 -2.361800 	 0.108979 	 
66.699997 	 -4.079700 	 0.104359 	 
66.800003 	 -3.014500 	 0.133802 	 
66.900002 	 -5.309500 	 0.114628 	 
67.000000 	 -5.443600 	 0.122564 	 
67.099998 	 -5.716500 	 0.109059 	 
67.199997 	 -4.912700 	 0.108371 	 
67.300003 	 -4.352400 	 0.096111 	 
67.400002 	 -4.022700 	 0.082461 	 
67.500000 	 -5.569200 	 0.074383 	 
67.599998 	 -5.797500 	 0.067550 	 
67.699997 	 -4.765000 	 0.080990 	 
67.800003 	 -4.197200 	 0.092143 	 
67.900002 	 -5.825400 	 0.061905 	 
68.000000 	 -4.903200 	 0.062556 	 
68.099998 	 -4.166100 	 0.056761 	 
68.199997 	 -4.407500 	 0.023336 	 
68.300003 	 -3.875100 	 -0.022736 	 
68.400002 	 -3.800900 	 -0.067571 	 
68.500000 	 -1.248200 	 -0.050644 	 
68.599998 	 -4.281400 	 -0.069534 	 
68.699997 	 -1.913700 	 -0.083836 	 
68.800003 	 0.230240 	 -0.083166 	 
68.900002 	 -1.417000 	 -0.113292 	 
69.000000 	 -0.368560 	 -0.123295 	 
69.099998 	 -2.096200 	 -0.170926 	 
69.199997 	 -1.199300 	 -0.228289 	 
69.300003 	 -0.554430 	 -0.298214 	 
69.400002 	 2.972500 	 -0.303958 	 
69.500000 	 2.650200 	 -0.274906 	 
69.599998 	 1.808000 	 -0.288653 	 
69.699997 	 3.021300 	 -0.283926 	 
69.800003 	 5.066300 	 -0.253013 	 
69.900002 	 2.668600 	 -0.304658 	 
70.000000 	 4.347100 	 -0.314924 	 
70.099998 	 4.979800 	 -0.311873 	 
70.199997 	 3.195800 	 -0.338248 	 
70.300003 	 3.406900 	 -0.332695 	 
70.400002 	 5.142300 	 -0.325413 	 
70.500000 	 5.521200 	 -0.306166 	 
70.599998 	 3.551700 	 -0.325961 	 
70.699997 	 6.073700 	 -0.291139 	 
70.800003 	 4.542900 	 -0.303299 	 
70.900002 	 3.047700 	 -0.320296 	 
71.000000 	 4.981200 	 -0.310369 	 
71.099998 	 5.870900 	 -0.286041 	 
71.199997 	 4.088600 	 -0.276661 	 
71.300003 	 5.491900 	 -0.237611 	 
71.400002 	 4.528900 	 -0.222548 	 
71.500000 	 2.075200 	 -0.241446 	 
71.599998 	 2.205700 	 -0.214014 	 
71.699997 	 2.596200 	 -0.172050 	 
71.800003 	 3.399500 	 -0.152425 	 
71.900002 	 2.255900 	 -0.116319 	 
72.000000 	 -0.128440 	 -0.119042 	 
72.099998 	 2.159600 	 -0.076365 	 
72.199997 	 0.475710 	 -0.045670 	 
72.300003 	 0.649860 	 -0.010294 	 
72.400002 	 -1.300100 	 0.009048 	 
72.500000 	 -2.217400 	 -0.003997 	 
72.599998 	 -2.657500 	 -0.008925 	 
72.699997 	 -1.057900 	 0.041438 	 
72.800003 	 -4.614100 	 0.014778 	 
72.900002 	 -2.976000 	 0.053670 	 
73.000000 	 -3.964500 	 0.078321 	 
73.099998 	 -4.183600 	 0.103870 	 
73.199997 	 -4.621700 	 0.108720 	 
73.300003 	 -4.599100 	 0.104608 	 
73.400002 	 -4.307500 	 0.099862 	 
73.500000 	 -5.451500 	 0.101823 	 
73.599998 	 -5.811300 	 0.101593 	 
73.699997 	 -6.448500 	 0.073535 	 
73.800003 	 -6.073200 	 0.042268 	 
73.900002 	 -3.645100 	 0.078606 	 
74.000000 	 -5.376100 	 0.070724 	 
74.099998 	 -6.401600 	 0.033466 	 
74.199997 	 -5.542800 	 0.014544 	 
74.300003 	 -4.146200 	 0.010026 	 
74.400002 	 -4.315100 	 0.001456 	 
74.500000 	 -3.844100 	 -0.041809 	 
74.599998 	 -3.933000 	 -0.036002 	 
74.699997 	 -1.884300 	 -0.035512 	 
74.800003 	 -3.529000 	 -0.098166 	 
74.900002 	 -3.189400 	 -0.127706 	 
75.000000 	 -3.794000 	 -0.184797 	 
75.099998 	 -1.624400 	 -0.176933 	 
75.199997 	 -1.320700 	 -0.178957 	 
75.300003 	 0.050078 	 -0.168882 	 
75.400002 	 -0.547640 	 -0.227551 	 
75.500000 	 -0.654610 	 -0.282631 	 
75.599998 	 -0.971270 	 -0.328952 	 
75.699997 	 4.337900 	 -0.307009 	 
75.800003 	 2.337000 	 -0.352497 	 
75.900002 	 4.453000 	 -0.322757 	 
76.000000 	 3.241300 	 -0.341187 	 
76.099998 	 1.763300 	 -0.394795 	 
76.199997 	 4.588400 	 -0.371585 	 
76.300003 	 3.501500 	 -0.370009 	 
76.400002 	 5.428100 	 -0.365245 	 
76.500000 	 5.489900 	 -0.365767 	 
76.599998 	 5.330700 	 -0.336117 	 
76.699997 	 5.172300 	 -0.351140 	 
76.800003 	 4.724600 	 -0.348112 	 
76.900002 	 6.824100 	 -0.285172 	 
77.000000 	 4.864800 	 -0.287112 	 
77.099998 	 3.735000 	 -0.322710 	 
77.199997 	 3.603200 	 -0.330800 	 
77.300003 	 4.873500 	 -0.341107 	 
77.400002 	 3.722700 	 -0.354544 	 
77.500000 	 2.700200 	 -0.344127 	 
77.599998 	 3.699600 	 -0.319228 	 
77.699997 	 4.363100 	 -0.289780 	 
77.800003 	 4.335000 	 -0.274188 	 
77.900002 	 2.905700 	 -0.263358 	 
78.000000 	 1.840000 	 -0.230551 	 
78.099998 	 1.631900 	 -0.239346 	 
78.199997 	 0.183940 	 -0.244209 	 
78.300003 	 1.407500 	 -0.231582 	 
78.400002 	 -0.074548 	 -0.211156 	 
78.500000 	 -0.438100 	 -0.181501 	 
78.599998 	 -0.776150 	 -0.150145 	 
78.699997 	 -1.071200 	 -0.150367 	 
78.800003 	 -0.914850 	 -0.088712 	 
78.900002 	 -1.814400 	 -0.069352 	 
79.000000 	 -1.001400 	 -0.019967 	 
79.099998 	 -3.046000 	 -0.001007 	 
79.199997 	 -2.519100 	 0.034036 	 
79.300003 	 -4.570400 	 0.034514 	 
79.400002 	 -4.992500 	 0.023097 	 
79.500000 	 -6.009600 	 0.013796 	 
79.599998 	 -4.897700 	 0.029023 	 
79.699997 	 -4.641200 	 0.059144 	 
79.800003 	 -5.017700 	 0.076736 	 
79.900002 	 -4.536400 	 0.061881 	 
80.000000 	 -4.694100 	 0.073247 	 
80.099998 	 -6.068100 	 0.078806 	 
80.199997 	 -3.369700 	 0.115024 	 
80.300003 	 -3.836700 	 0.120182 	 
80.400002 	 -4.085200 	 0.124014 	 
80.500000 	 -5.003200 	 0.104696 	 
80.599998 	 -2.967800 	 0.120782 	 
80.699997 	 -3.478500 	 0.094212 	 
80.800003 	 -2.696700 	 0.108084 	 
80.900002 	 -4.269700 	 0.090079 	 
81.000000 	 -1.937900 	 0.121014 	 
81.099998 	 -2.939100 	 0.099103 	 
81.199997 	 -3.030800 	 0.070601 	 
81.300003 	 -2.871500 	 0.021908 	 
81.400002 	 -2.111300 	 -0.004153 	 
81.500000 	 -2.510300 	 -0.035081 	 
81.599998 	 -1.014500 	 -0.035802 	 
81.699997 	 -0.866830 	 -0.122547 	 
81.800003 	 1.488700 	 -0.136686 	 
81.900002 	 2.608100 	 -0.167434 	 
82.000000 	 1.036800 	 -0.204176 	 
82.099998 	 1.894600 	 -0.201987 	 
82.199997 	 1.544900 	 -0.252712 	 
82.300003 	 3.936700 	 -0.245459 	 
82.400002 	 1.925500 	 -0.303836 	 
82.500000 	 5.023300 	 -0.311613 	 
82.599998 	 4.620000 	 -0.323458 	 
82.699997 	 2.348100 	 -0.370527 	 
82.800003 	 3.948100 	 -0.383469 	 
82.900002 	 4.285300 	 -0.425783 	 
83.000000 	 5.366900 	 -0.417414 	 
83.099998 	 6.181500 	 -0.376639 	 
83.199997 	 4.924900 	 -0.354611 	 
83.300003 	 4.421400 	 -0.362146 	 
83.400002 	 2.351800 	 -0.384994 	 
83.500000 	 4.235200 	 -0.359411 	 
83.599998 	 5.816300 	 -0.324132 	 
83.699997 	 3.769000 	 -0.334034 	 
83.800003 	 4.856200 	 -0.325347 	 
83.900002 	 4.367000 	 -0.300992 	 
84.000000 	 2.128800 	 -0.296179 	 
84.099998 	 3.069000 	 -0.272227 	 
84.199997 	 3.760300 	 -0.212621 	 
84.300003 	 2.979200 	 -0.186426 	 
84.400002 	 2.690800 	 -0.140337 	 
84.500000 	 1.637500 	 -0.105744 	 
84.599998 	 0.172690 	 -0.089930 	 
84.699997 	 1.085900 	 -0.053978 	 
84.800003 	 0.300220 	 -0.033727 	 
84.900002 	 -0.667090 	 -0.014605 	 
85.000000 	 -2.420600 	 -0.038259 	 
85.099998 	 -1.343600 	 -0.009885 	 
85.199997 	 -2.695900 	 -0.012832 	 
85.300003 	 -0.676880 	 0.052060 	 
85.400002 	 -2.270300 	 0.097430 	 
85.500000 	 -1.324300 	 0.175518 	 
85.599998 	 -3.399400 	 0.200490 	 
85.699997 	 -4.128900 	 0.209028 	 
85.800003 	 -4.730700 	 0.213812 	 
85.900002 	 -4.978700 	 0.206440 	 
86.000000 	 -5.013500 	 0.201117 	 
86.099998 	 -3.387400 	 0.245795 	 
86.199997 	 -6.059900 	 0.200958 	 
86.300003 	 -4.257200 	 0.193950 	 
86.400002 	 -5.109000 	 0.176887 	 
86.500000 	 -3.479100 	 0.202289 	 
86.599998 	 -6.258300 	 0.147447 	 
86.699997 	 -4.457400 	 0.131132 	 
86.800003 	 -5.618900 	 0.082428 	 
86.900002 	 -4.903500 	 0.071865 	 
87.000000 	 -4.141300 	 0.035142 	 
87.099998 	 -4.300500 	 0.012452 	 
87.199997 	 -3.096500 	 0.011357 	 
87.300003 	 -3.067800 	 0.008085 	 
87.400002 	 -2.351200 	 0.004087 	 
87.500000 	 -3.695100 	 -0.015660 	 
87.599998 	 -2.135800 	 -0.034348 	 
87.699997 	 -1.830700 	 -0.050413 	 
87.800003 	 -0.853410 	 -0.089448 	 
87.900002 	 -0.388390 	 -0.139389 	 
88.000000 	 0.987570 	 -0.140210 	 
88.099998 	 0.795850 	 -0.158522 	 
88.199997 	 2.379100 	 -0.144619 	 
88.300003 	 2.802400 	 -0.163524 	 
88.400002 	 0.693390 	 -0.184059 	 
88.500000 	 1.389400 	 -0.244624 	 
88.599998 	 2.151000 	 -0.285774 	 
88.699997 	 3.529100 	 -0.266091 	 
88.800003 	 2.499100 	 -0.290241 	 
88.900002 	 4.259000 	 -0.290679 	 
89.000000 	 4.690300 	 -0.301956 	 
89.099998 	 4.385800 	 -0.331884 	 
89.199997 	 4.300700 	 -0.342288 	 
89.300003 	 6.514300 	 -0.307406 	 
89.400002 	 4.676800 	 -0.268656 	 
89.500000 	 5.703300 	 -0.244187 	 
89.599998 	 4.446200 	 -0.267022 	 
89.699997 	 6.140700 	 -0.227494 	 
89.800003 	 2.916200 	 -0.259827 	 
89.900002 	 4.160500 	 -0.263269 	 
90.000000 	 4.473500 	 -0.224191 	 
90.099998 	 2.231300 	 -0.238153 	 
90.199997 	 7.027500 	 -0.183699 	 
90.300003 	 3.388100 	 -0.176884 	 
90.400002 	 5.461300 	 -0.130709 	 
90.500000 	 3.501500 	 -0.099642 	 
90.599998 	 2.319700 	 -0.063859 	 
90.699997 	 0.495550 	 -0.073698 	 
90.800003 	 0.976080 	 -0.062434 	 
90.900002 	 1.263600 	 -0.030256 	 
91.000000 	 -1.498400 	 -0.014886 	 
91.099998 	 -0.538100 	 -0.001461 	 
91.199997 	 0.115750 	 0.045400 	 
91.300003 	 -0.178740 	 0.053702 	 
91.400002 	 -1.571200 	 0.065354 	 
91.500000 	 -3.135000 	 0.035176 	 
91.599998 	 -3.705200 	 0.030079 	 
91.699997 	 -2.747100 	 0.053109 	 
91.800003 	 -3.043600 	 0.081227 	 
91.900002 	 -1.778200 	 0.134569 	 
92.000000 	 -3.443700 	 0.160732 	 
92.099998 	 -4.152900 	 0.147974 	 
92.199997 	 -4.335300 	 0.176718 	 
92.300003 	 -4.902000 	 0.165971 	 
92.400002 	 -5.438100 	 0.160486 	 
92.500000 	 -3.981900 	 0.152106 	 
92.599998 	 -5.165600 	 0.170317 	 
92.699997 	 -4.742600 	 0.165564 	 
92.800003 	 -4.628700 	 0.182067 	 
92.900002 	 -5.752900 	 0.167911 	 
93.000000 	 -5.759900 	 0.140934 	 
93.099998 	 -5.106000 	 0.127509 	 
93.199997 	 -6.506200 	 0.070681 	 
93.300003 	 -3.469100 	 0.063993 	 
93.400002 	 -2.955800 	 0.053916 	 
93.500000 	 -2.066300 	 0.081063 	 
93.599998 	 -4.611600 	 0.039799 	 
93.699997 	 -1.435400 	 0.046388 	 
93.800003 	 -3.647100 	 -0.000174 	 
93.900002 	 -2.353600 	 -0.032927 	 
94.000000 	 -1.446900 	 -0.073501 	 
94.099998 	 -2.435700 	 -0.127361 	 
94.199997 	 0.287740 	 -0.162217 	 
94.300003 	 0.264590 	 -0.204514 	 
94.400002 	 0.669330 	 -0.204915 	 
94.500000 	 -0.243650 	 -0.232132 	 
94.599998 	 2.216200 	 -0.231045 	 
94.699997 	 1.766600 	 -0.260420 	 
94.800003 	 4.083600 	 -0.234012 	 
94.900002 	 4.420600 	 -0.231319 	 
95.000000 	 3.288000 	 -0.254690 	 
95.099998 	 3.949700 	 -0.261959 	 
95.199997 	 5.260800 	 -0.245957 	 
95.300003 	 5.666800 	 -0.260082 	 
95.400002 	 4.671000 	 -0.260179 	 
95.500000 	 7.080600 	 -0.237224 	 
95.599998 	 5.715200 	 -0.216074 	 
95.699997 	 6.267800 	 -0.213956 	 
95.800003 	 4.537400 	 -0.186936 	 
95.900002 	 3.550700 	 -0.197099 	 
96.000000 	 5.998100 	 -0.171689 	 
96.099998 	 5.415900 	 -0.118612 	 
96.199997 	 5.356500 	 -0.146463 	 
96.300003 	 3.609300 	 -0.142776 	 
96.400002 	 3.567100 	 -0.174346 	 
96.500000 	 4.985200 	 -0.149617 	 
96.599998 	 3.139200 	 -0.135959 	 
96.699997 	 4.724800 	 -0.065472 	 
96.800003 	 1.994800 	 -0.048493 	 
96.900002 	 4.297400 	 0.002070 	 
97.000000 	 0.163590 	 0.029770 	 
97.099998 	 -1.010900 	 0.021890 	 
97.199997 	 1.150900 	 0.039142 	 
97.300003 	 2.269600 	 0.079948 	 
97.400002 	 0.974500 	 0.122376 	 
97.500000 	 0.563770 	 0.184023 	 
97.599998 	 -1.267200 	 0.224656 	 
97.699997 	 -1.333200 	 0.248221 	 
97.800003 	 -1.704500 	 0.270539 	 
97.900002 	 -3.678800 	 0.238863 	 
98.000000 	 -1.246100 	 0.275489 	 
98.099998 	 -3.641200 	 0.284018 	 
98.199997 	 -3.157600 	 0.303646 	 
98.300003 	 -4.297400 	 0.313723 	 
98.400002 	 -2.379700 	 0.364696 	 
98.500000 	 -2.950800 	 0.381881 	 
98.599998 	 -3.959700 	 0.401980 	 
98.699997 	 -5.225100 	 0.393938 	 
98.800003 	 -6.214100 	 0.367515 	 
98.900002 	 -4.689600 	 0.385237 	 
99.000000 	 -3.862300 	 0.416863 	 
99.099998 	 -5.086300 	 0.417191 	 
99.199997 	 -6.314400 	 0.420388 	 
99.300003 	 -2.694100 	 0.433305 	 
99.400002 	 -5.776500 	 0.386293 	 
99.500000 	 -2.695200 	 0.375811 	 
99.599998 	 -3.246800 	 0.398558 	 
99.699997 	 -3.434900 	 0.365233 	 
99.800003 	 -3.223300 	 0.372296 	 
99.900002 	 -2.541900 	 0.369158 	 
100.000000 	 -2.949300 	 0.344118 	 
