0.000000 	 -0.275940 	 -0.275940 	 
0.100000 	 0.683070 	 0.683070 	 
0.200000 	 0.037993 	 0.037993 	 
0.300000 	 2.857600 	 2.857600 	 
0.400000 	 2.869800 	 2.869800 	 
0.500000 	 3.218300 	 3.218300 	 
0.600000 	 3.508400 	 3.508400 	 
0.700000 	 3.854200 	 3.854200 	 
0.800000 	 4.128100 	 4.128100 	 
0.900000 	 3.274900 	 3.274900 	 
1.000000 	 3.344400 	 3.344400 	 
1.100000 	 2.214000 	 2.214000 	 
1.200000 	 5.258300 	 5.258300 	 
1.300000 	 4.642500 	 4.642500 	 
1.400000 	 4.463200 	 4.463200 	 
1.500000 	 5.566200 	 3.328064 	 
1.600000 	 8.322400 	 3.837353 	 
1.700000 	 3.257900 	 4.052013 	 
1.800000 	 3.052600 	 4.065013 	 
1.900000 	 4.068400 	 4.144920 	 
2.000000 	 4.257900 	 4.214227 	 
2.100000 	 2.910700 	 4.174380 	 
2.200000 	 2.062300 	 4.054920 	 
2.300000 	 2.206100 	 3.926786 	 
2.400000 	 4.546000 	 4.011527 	 
2.500000 	 1.799500 	 3.908534 	 
2.600000 	 1.845300 	 3.883953 	 
2.700000 	 0.810960 	 3.587464 	 
2.800000 	 2.950800 	 3.474684 	 
2.900000 	 0.124140 	 3.185413 	 
3.000000 	 0.235530 	 2.830035 	 
3.100000 	 -2.103400 	 2.134982 	 
3.200000 	 0.114450 	 1.925419 	 
3.300000 	 -1.283900 	 1.636319 	 
3.400000 	 -1.315900 	 1.277365 	 
3.500000 	 1.102400 	 1.066999 	 
3.600000 	 -3.172800 	 0.661432 	 
3.700000 	 -0.992930 	 0.457750 	 
3.800000 	 -3.172200 	 0.099197 	 
3.900000 	 -1.763500 	 -0.321437 	 
4.000000 	 -4.533800 	 -0.743657 	 
4.100000 	 -1.692800 	 -0.979530 	 
4.200000 	 -5.885700 	 -1.425974 	 
4.300000 	 -3.463600 	 -1.853601 	 
4.400000 	 -4.026400 	 -2.130303 	 
4.500000 	 -5.371500 	 -2.504105 	 
4.600000 	 -4.459100 	 -2.661152 	 
4.700000 	 -2.907800 	 -2.862635 	 
4.800000 	 -4.961800 	 -3.107829 	 
4.900000 	 -3.761900 	 -3.270895 	 
5.000000 	 -3.987300 	 -3.610209 	 
5.100000 	 -5.896500 	 -3.791789 	 
5.200000 	 -5.502600 	 -4.092433 	 
5.300000 	 -3.645200 	 -4.123967 	 
5.400000 	 -5.184600 	 -4.352040 	 
5.500000 	 -4.109600 	 -4.323760 	 
5.600000 	 -3.161000 	 -4.421640 	 
5.700000 	 -3.901000 	 -4.289327 	 
5.800000 	 -1.190800 	 -4.137806 	 
5.900000 	 -1.606100 	 -3.976453 	 
6.000000 	 -1.957200 	 -3.748833 	 
6.100000 	 -0.867010 	 -3.509361 	 
6.200000 	 -0.939910 	 -3.378168 	 
6.300000 	 0.167520 	 -3.036214 	 
6.400000 	 2.308700 	 -2.631507 	 
6.500000 	 -1.092100 	 -2.438493 	 
6.600000 	 -0.235520 	 -2.061095 	 
6.700000 	 1.855500 	 -1.570555 	 
6.800000 	 3.098500 	 -1.120975 	 
6.900000 	 2.750800 	 -0.591948 	 
7.000000 	 3.825700 	 -0.062928 	 
7.100000 	 3.466300 	 0.378892 	 
7.200000 	 2.874100 	 0.830565 	 
7.300000 	 4.074500 	 1.181585 	 
7.400000 	 5.440700 	 1.651372 	 
7.500000 	 5.438900 	 2.144445 	 
7.600000 	 5.062700 	 2.539759 	 
7.700000 	 4.102400 	 2.875913 	 
7.800000 	 5.320300 	 3.219432 	 
7.900000 	 4.809700 	 3.386165 	 
8.000000 	 4.235300 	 3.741325 	 
8.100000 	 4.234100 	 4.039300 	 
8.200000 	 6.887000 	 4.374733 	 
8.300000 	 5.805800 	 4.555220 	 
8.400000 	 4.891800 	 4.697953 	 
8.500000 	 5.289000 	 4.795507 	 
8.600000 	 3.916000 	 4.825487 	 
8.700000 	 2.109100 	 4.774487 	 
8.800000 	 2.079700 	 4.641500 	 
8.900000 	 0.335760 	 4.301171 	 
9.000000 	 1.727900 	 4.053771 	 
9.100000 	 2.291000 	 3.868991 	 
9.200000 	 0.484920 	 3.627825 	 
9.300000 	 0.096449 	 3.279568 	 
9.400000 	 0.447220 	 2.988736 	 
9.500000 	 -0.946460 	 2.643286 	 
9.600000 	 -2.175700 	 2.215966 	 
9.700000 	 -2.076600 	 1.618393 	 
9.800000 	 -1.358600 	 1.140766 	 
9.900000 	 -3.312900 	 0.593786 	 
10.000000 	 -2.279900 	 0.089193 	 
10.100000 	 -2.813200 	 -0.359421 	 
10.200000 	 -2.455500 	 -0.663727 	 
10.300000 	 -3.744500 	 -1.052007 	 
10.400000 	 -3.147200 	 -1.284205 	 
10.500000 	 -4.937100 	 -1.728538 	 
10.600000 	 -3.620000 	 -2.122605 	 
10.700000 	 -4.397500 	 -2.448099 	 
10.800000 	 -6.535000 	 -2.890196 	 
10.900000 	 -3.862800 	 -3.177531 	 
11.000000 	 -5.137100 	 -3.456907 	 
11.100000 	 -6.014400 	 -3.712820 	 
11.200000 	 -4.283500 	 -3.859947 	 
11.300000 	 -4.311100 	 -4.056780 	 
11.400000 	 -4.266100 	 -4.120327 	 
11.500000 	 -4.862100 	 -4.292473 	 
11.600000 	 -3.453300 	 -4.335146 	 
11.700000 	 -5.147600 	 -4.514620 	 
11.800000 	 -4.097000 	 -4.538120 	 
11.900000 	 -1.332000 	 -4.417107 	 
12.000000 	 -3.051200 	 -4.291380 	 
12.100000 	 -0.982860 	 -4.115571 	 
12.200000 	 -1.487800 	 -3.921591 	 
12.300000 	 -1.868000 	 -3.610458 	 
12.400000 	 -1.142900 	 -3.429131 	 
12.500000 	 -0.358470 	 -3.110555 	 
12.600000 	 -0.337880 	 -2.732121 	 
12.700000 	 2.141900 	 -2.303761 	 
12.800000 	 0.262800 	 -1.998834 	 
12.900000 	 0.564890 	 -1.676768 	 
13.000000 	 2.552100 	 -1.182488 	 
13.100000 	 2.975700 	 -0.753888 	 
13.200000 	 4.256000 	 -0.126981 	 
13.300000 	 0.719650 	 0.194129 	 
13.400000 	 3.524800 	 0.517915 	 
13.500000 	 4.380200 	 1.013342 	 
13.600000 	 3.370000 	 1.303532 	 
13.700000 	 3.954500 	 1.666353 	 
13.800000 	 5.423800 	 2.152473 	 
13.900000 	 5.486700 	 2.594446 	 
14.000000 	 5.236300 	 2.967431 	 
14.100000 	 3.514200 	 3.224236 	 
14.200000 	 5.624700 	 3.456423 	 
14.300000 	 5.172500 	 3.783736 	 
14.400000 	 6.507700 	 4.179923 	 
14.500000 	 5.375100 	 4.368123 	 
14.600000 	 3.165600 	 4.380783 	 
14.700000 	 4.865800 	 4.421437 	 
14.800000 	 3.849500 	 4.630094 	 
14.900000 	 3.558000 	 4.632307 	 
15.000000 	 3.292500 	 4.559793 	 
15.100000 	 2.600000 	 4.508461 	 
15.200000 	 2.012100 	 4.378966 	 
15.300000 	 1.184200 	 4.096327 	 
15.400000 	 -0.215070 	 3.716208 	 
15.500000 	 1.770900 	 3.485182 	 
15.600000 	 -1.414600 	 3.156595 	 
15.700000 	 1.793100 	 2.901156 	 
15.800000 	 -1.094900 	 2.483329 	 
15.900000 	 -1.173800 	 1.971228 	 
16.000000 	 -1.876300 	 1.487802 	 
16.100000 	 -1.553400 	 1.173202 	 
16.200001 	 -2.381900 	 0.690022 	 
16.299999 	 -4.189800 	 0.154069 	 
16.400000 	 -5.514500 	 -0.450765 	 
16.500000 	 -3.798300 	 -0.923485 	 
16.600000 	 -4.035200 	 -1.365831 	 
16.700001 	 -2.717500 	 -1.681138 	 
16.799999 	 -4.864700 	 -2.084398 	 
16.900000 	 -4.372000 	 -2.361527 	 
17.000000 	 -4.189800 	 -2.758907 	 
17.100000 	 -6.339400 	 -3.087227 	 
17.200001 	 -4.248700 	 -3.490013 	 
17.299999 	 -5.137800 	 -3.759540 	 
17.400000 	 -6.172700 	 -4.092800 	 
17.500000 	 -5.001600 	 -4.301154 	 
17.600000 	 -5.236400 	 -4.546687 	 
17.700001 	 -2.324300 	 -4.542847 	 
17.799999 	 -4.633200 	 -4.572408 	 
17.900000 	 -3.388300 	 -4.430661 	 
18.000000 	 -2.585700 	 -4.349821 	 
18.100000 	 -2.019100 	 -4.215414 	 
18.200001 	 -4.509300 	 -4.334867 	 
18.299999 	 -3.280400 	 -4.229247 	 
18.400000 	 -3.867700 	 -4.195627 	 
18.500000 	 -1.788800 	 -4.035560 	 
18.600000 	 -0.378370 	 -3.638158 	 
18.700001 	 -0.446570 	 -3.384682 	 
18.799999 	 -1.329400 	 -3.130789 	 
18.900000 	 2.079700 	 -2.580629 	 
19.000000 	 0.140100 	 -2.237849 	 
19.100000 	 2.668600 	 -1.710849 	 
19.200001 	 1.724200 	 -1.440949 	 
19.299999 	 3.167800 	 -0.920883 	 
19.400000 	 3.404200 	 -0.468049 	 
19.500000 	 6.331900 	 0.126457 	 
19.600000 	 3.547100 	 0.497537 	 
19.700001 	 3.088600 	 1.004064 	 
19.799999 	 5.342200 	 1.578904 	 
19.900000 	 4.020200 	 2.104764 	 
20.000000 	 4.160300 	 2.501371 	 
20.100000 	 4.485600 	 2.825635 	 
20.200001 	 4.663300 	 3.166294 	 
20.299999 	 5.339700 	 3.610900 	 
20.400000 	 5.863800 	 3.863173 	 
20.500000 	 3.875300 	 4.112187 	 
20.600000 	 5.684300 	 4.313233 	 
20.700001 	 3.888900 	 4.457547 	 
20.799999 	 3.763200 	 4.497240 	 
20.900000 	 1.259900 	 4.354287 	 
21.000000 	 4.380700 	 4.224206 	 
21.100000 	 4.789900 	 4.307060 	 
21.200001 	 3.630200 	 4.343167 	 
21.299999 	 3.276400 	 4.205447 	 
21.400000 	 2.775800 	 4.122487 	 
21.500000 	 3.067200 	 4.049613 	 
21.600000 	 2.686000 	 3.929640 	 
21.700001 	 1.760400 	 3.736113 	 
21.799999 	 0.956230 	 3.443882 	 
21.900000 	 -1.009100 	 2.985688 	 
22.000000 	 0.617630 	 2.768510 	 
22.100000 	 -1.901500 	 2.262790 	 
22.200001 	 -1.595800 	 1.897144 	 
22.299999 	 -2.566100 	 1.475191 	 
22.400000 	 -1.452600 	 1.294357 	 
22.500000 	 -3.729500 	 0.753677 	 
22.600000 	 -3.075100 	 0.229344 	 
22.700001 	 -2.795000 	 -0.199003 	 
22.799999 	 -2.601100 	 -0.590836 	 
22.900000 	 -4.615600 	 -1.083596 	 
23.000000 	 -4.095300 	 -1.561096 	 
23.100000 	 -5.150300 	 -2.083516 	 
23.200001 	 -5.920700 	 -2.595589 	 
23.299999 	 -4.030900 	 -2.928065 	 
23.400000 	 -4.525900 	 -3.162518 	 
23.500000 	 -4.094800 	 -3.476680 	 
23.600000 	 -5.647700 	 -3.726427 	 
23.700001 	 -3.896300 	 -3.879793 	 
23.799999 	 -6.031900 	 -4.110847 	 
23.900000 	 -4.386300 	 -4.306427 	 
24.000000 	 -4.142000 	 -4.333926 	 
24.100000 	 -6.010900 	 -4.529646 	 
24.200001 	 -3.235700 	 -4.559026 	 
24.299999 	 -2.083300 	 -4.524507 	 
24.400000 	 -2.105000 	 -4.357133 	 
24.500000 	 -2.998700 	 -4.284027 	 
24.600000 	 -2.260300 	 -4.091360 	 
24.700001 	 -2.434500 	 -3.858947 	 
24.799999 	 -2.538900 	 -3.759480 	 
24.900000 	 -1.798100 	 -3.577627 	 
25.000000 	 -0.296400 	 -3.324400 	 
25.100000 	 -0.381210 	 -2.973301 	 
25.200001 	 2.489100 	 -2.547607 	 
25.299999 	 1.265500 	 -2.061114 	 
25.400000 	 1.726000 	 -1.653627 	 
25.500000 	 1.562000 	 -1.273361 	 
25.600000 	 2.177500 	 -0.727467 	 
25.700001 	 1.757800 	 -0.394567 	 
25.799999 	 4.366800 	 0.035439 	 
25.900000 	 2.438900 	 0.338366 	 
26.000000 	 3.426800 	 0.766733 	 
26.100000 	 3.461700 	 1.148199 	 
26.200001 	 5.973900 	 1.708759 	 
26.299999 	 5.484900 	 2.243680 	 
26.400000 	 4.517600 	 2.664726 	 
26.500000 	 4.864200 	 3.008766 	 
26.600000 	 5.376500 	 3.392614 	 
26.700001 	 4.497100 	 3.526480 	 
26.799999 	 4.203600 	 3.722354 	 
26.900000 	 5.755200 	 3.990967 	 
27.000000 	 5.261200 	 4.237580 	 
27.100000 	 5.065600 	 4.430120 	 
27.200001 	 5.652400 	 4.689760 	 
27.299999 	 3.045200 	 4.601654 	 
27.400000 	 4.425700 	 4.734107 	 
27.500000 	 4.655800 	 4.816040 	 
27.600000 	 4.584100 	 4.890867 	 
27.700001 	 2.878200 	 4.684487 	 
27.799999 	 2.190500 	 4.464860 	 
27.900000 	 2.569600 	 4.334993 	 
28.000000 	 0.588540 	 4.049949 	 
28.100000 	 -1.431100 	 3.596110 	 
28.200001 	 0.795160 	 3.349313 	 
28.299999 	 -0.538330 	 3.033185 	 
28.400000 	 -0.909520 	 2.588870 	 
28.500000 	 -1.296100 	 2.151717 	 
28.600000 	 -1.426700 	 1.718897 	 
28.700001 	 -1.578500 	 1.236837 	 
28.799999 	 -3.537400 	 0.797997 	 
28.900000 	 -3.253900 	 0.286023 	 
29.000000 	 -4.216000 	 -0.305430 	 
29.100000 	 -3.590600 	 -0.850410 	 
29.200001 	 -5.064900 	 -1.379950 	 
29.299999 	 -5.393400 	 -1.885544 	 
29.400000 	 -4.967500 	 -2.388017 	 
29.500000 	 -4.693400 	 -2.740146 	 
29.600000 	 -5.802100 	 -3.031546 	 
29.700001 	 -5.118000 	 -3.425757 	 
29.799999 	 -5.471100 	 -3.754608 	 
29.900000 	 -4.251400 	 -3.977400 	 
30.000000 	 -4.278300 	 -4.176213 	 
30.100000 	 -3.594600 	 -4.320740 	 
30.200001 	 -6.298000 	 -4.635373 	 
30.299999 	 -5.916200 	 -4.793960 	 
30.400000 	 -2.286300 	 -4.729454 	 
30.500000 	 -4.598000 	 -4.754920 	 
30.600000 	 -3.551500 	 -4.752314 	 
30.700001 	 -2.654000 	 -4.591587 	 
30.799999 	 -2.971600 	 -4.430133 	 
30.900000 	 -3.955900 	 -4.362694 	 
31.000000 	 -2.091200 	 -4.189214 	 
31.100000 	 -2.045300 	 -3.938760 	 
31.200001 	 0.880040 	 -3.538891 	 
31.299999 	 1.060700 	 -3.103438 	 
31.400000 	 0.260180 	 -2.802665 	 
31.500000 	 -0.185890 	 -2.529838 	 
31.600000 	 1.018100 	 -2.222325 	 
31.700001 	 1.641300 	 -1.693038 	 
31.799999 	 0.792500 	 -1.245791 	 
31.900000 	 3.258500 	 -0.876138 	 
32.000000 	 2.586000 	 -0.397205 	 
32.099998 	 1.740300 	 -0.044418 	 
32.200001 	 2.532500 	 0.301349 	 
32.299999 	 4.984300 	 0.831742 	 
32.400002 	 4.082700 	 1.367649 	 
32.500000 	 5.866900 	 1.898189 	 
32.599998 	 4.171200 	 2.312622 	 
32.700001 	 4.880500 	 2.579319 	 
32.799999 	 2.820400 	 2.696633 	 
32.900002 	 5.251300 	 3.029374 	 
33.000000 	 3.281700 	 3.260546 	 
33.099998 	 3.913400 	 3.453567 	 
33.200001 	 5.246100 	 3.693887 	 
33.299999 	 6.405900 	 4.068113 	 
33.400002 	 4.421000 	 4.145613 	 
33.500000 	 4.353800 	 4.263467 	 
33.599998 	 5.288100 	 4.499987 	 
33.700001 	 3.944200 	 4.594100 	 
33.799999 	 3.335400 	 4.484174 	 
33.900002 	 2.905500 	 4.405694 	 
34.000000 	 1.935200 	 4.143580 	 
34.099998 	 2.664700 	 4.043147 	 
34.200001 	 1.498200 	 3.817660 	 
34.299999 	 1.391000 	 3.722367 	 
34.400002 	 2.340500 	 3.528313 	 
34.500000 	 -0.584690 	 3.270554 	 
34.599998 	 -0.767400 	 2.958501 	 
34.700001 	 -0.272310 	 2.590607 	 
34.799999 	 -0.782430 	 2.111385 	 
34.900002 	 -1.428200 	 1.721438 	 
35.000000 	 -0.358660 	 1.407274 	 
35.099998 	 -3.522500 	 0.819901 	 
35.200001 	 -3.232200 	 0.341474 	 
35.299999 	 -3.976500 	 -0.145986 	 
35.400002 	 -4.550900 	 -0.643080 	 
35.500000 	 -4.428100 	 -1.067299 	 
35.599998 	 -2.427000 	 -1.406746 	 
35.700001 	 -5.308500 	 -1.860526 	 
35.799999 	 -4.304400 	 -2.240219 	 
35.900002 	 -6.140200 	 -2.805599 	 
36.000000 	 -5.826900 	 -3.155080 	 
36.099998 	 -4.102300 	 -3.377407 	 
36.200001 	 -5.542500 	 -3.728753 	 
36.299999 	 -5.246900 	 -4.026384 	 
36.400002 	 -5.402200 	 -4.291318 	 
36.500000 	 -3.536500 	 -4.503173 	 
36.599998 	 -6.227300 	 -4.683494 	 
36.700001 	 -3.982500 	 -4.733514 	 
36.799999 	 -4.584500 	 -4.774047 	 
36.900002 	 -3.095000 	 -4.676987 	 
37.000000 	 -4.845900 	 -4.704841 	 
37.099998 	 -1.021800 	 -4.611160 	 
37.200001 	 -2.802500 	 -4.444093 	 
37.299999 	 0.096356 	 -4.150710 	 
37.400002 	 -2.145500 	 -3.884396 	 
37.500000 	 -1.938400 	 -3.625163 	 
37.599998 	 -0.193530 	 -3.364578 	 
37.700001 	 -0.998040 	 -3.061614 	 
37.799999 	 0.806130 	 -2.658079 	 
37.900002 	 1.439800 	 -2.201946 	 
38.000000 	 1.905400 	 -1.839152 	 
38.099998 	 2.050600 	 -1.287292 	 
38.200001 	 2.357100 	 -0.864652 	 
38.299999 	 2.070500 	 -0.420986 	 
38.400002 	 2.562200 	 -0.043839 	 
38.500000 	 5.209100 	 0.626494 	 
38.599998 	 1.809700 	 0.815261 	 
38.700001 	 3.226600 	 1.217201 	 
38.799999 	 4.766800 	 1.528564 	 
38.900002 	 5.109400 	 2.012224 	 
39.000000 	 4.316200 	 2.429198 	 
39.099998 	 5.212300 	 2.789586 	 
39.200001 	 4.707700 	 3.169969 	 
39.299999 	 5.924500 	 3.511193 	 
39.400002 	 5.360900 	 3.772600 	 
39.500000 	 4.358500 	 3.936140 	 
39.599998 	 2.465800 	 3.963820 	 
39.700001 	 4.958200 	 4.137227 	 
39.799999 	 6.371000 	 4.423927 	 
39.900002 	 4.537400 	 4.555606 	 
40.000000 	 3.426300 	 4.436753 	 
40.099998 	 5.014600 	 4.650413 	 
40.200001 	 3.123500 	 4.643540 	 
40.299999 	 4.298100 	 4.612293 	 
40.400002 	 2.412200 	 4.432480 	 
40.500000 	 2.349100 	 4.301340 	 
40.599998 	 2.845300 	 4.143540 	 
40.700001 	 1.477000 	 3.928160 	 
40.799999 	 2.668300 	 3.711080 	 
40.900002 	 -1.522100 	 3.252213 	 
41.000000 	 -2.053200 	 2.824767 	 
41.099998 	 -0.070222 	 2.655698 	 
41.200001 	 -2.246400 	 2.175392 	 
41.299999 	 -2.163100 	 1.606452 	 
41.400002 	 -1.677600 	 1.192119 	 
41.500000 	 -2.772800 	 0.778845 	 
41.599998 	 -3.516100 	 0.210132 	 
41.700001 	 -3.350800 	 -0.221488 	 
41.799999 	 -5.098600 	 -0.847935 	 
41.900002 	 -4.407900 	 -1.302608 	 
42.000000 	 -3.330700 	 -1.681261 	 
42.099998 	 -4.417200 	 -2.165428 	 
42.200001 	 -2.201000 	 -2.410628 	 
42.299999 	 -3.757800 	 -2.839035 	 
42.400002 	 -3.252100 	 -2.954368 	 
42.500000 	 -4.758000 	 -3.134688 	 
42.599998 	 -6.140100 	 -3.539347 	 
42.700001 	 -5.463700 	 -3.753834 	 
42.799999 	 -3.110200 	 -3.816973 	 
42.900002 	 -5.414800 	 -4.066120 	 
43.000000 	 -3.266100 	 -4.099007 	 
43.099998 	 -3.246500 	 -4.081034 	 
43.200001 	 -4.514300 	 -4.158600 	 
43.299999 	 -2.179600 	 -3.964000 	 
43.400002 	 -3.958600 	 -3.934047 	 
43.500000 	 -2.138300 	 -3.854553 	 
43.599998 	 -2.749100 	 -3.743347 	 
43.700001 	 -1.116700 	 -3.671060 	 
43.799999 	 -1.025600 	 -3.488913 	 
43.900002 	 -1.887800 	 -3.397960 	 
44.000000 	 1.155200 	 -3.003747 	 
44.099998 	 1.680300 	 -2.482387 	 
44.200001 	 1.506300 	 -2.017720 	 
44.299999 	 1.233700 	 -1.728127 	 
44.400002 	 0.136830 	 -1.358018 	 
44.500000 	 1.605100 	 -1.033271 	 
44.599998 	 3.196200 	 -0.603758 	 
44.700001 	 3.416700 	 -0.075025 	 
44.799999 	 3.604900 	 0.310609 	 
44.900002 	 4.119500 	 0.849149 	 
45.000000 	 5.419500 	 1.353002 	 
45.099998 	 5.455600 	 1.899982 	 
45.200001 	 3.060100 	 2.178436 	 
45.299999 	 4.843800 	 2.569729 	 
45.400002 	 2.917700 	 2.890095 	 
45.500000 	 6.998300 	 3.279635 	 
45.599998 	 6.572800 	 3.605802 	 
45.700001 	 6.206300 	 3.919135 	 
45.799999 	 5.146700 	 4.180002 	 
45.900002 	 5.431000 	 4.532947 	 
46.000000 	 4.152700 	 4.702786 	 
46.099998 	 5.278300 	 4.841593 	 
46.200001 	 3.616600 	 4.854920 	 
46.299999 	 2.098800 	 4.754514 	 
46.400002 	 4.218100 	 4.761086 	 
46.500000 	 4.539100 	 4.702393 	 
46.599998 	 3.073300 	 4.543573 	 
46.700001 	 -0.623910 	 4.297973 	 
46.799999 	 2.537900 	 4.144246 	 
46.900002 	 3.403800 	 4.176652 	 
47.000000 	 -1.448200 	 3.613553 	 
47.099998 	 1.686400 	 3.287792 	 
47.200001 	 0.706670 	 2.921151 	 
47.299999 	 -1.846800 	 2.454917 	 
47.400002 	 -1.980900 	 1.960791 	 
47.500000 	 -4.159000 	 1.406677 	 
47.599998 	 0.177950 	 1.066654 	 
47.700001 	 -3.879000 	 0.566947 	 
47.799999 	 -3.103800 	 0.220107 	 
47.900002 	 -3.874200 	 -0.319379 	 
48.000000 	 -3.550600 	 -0.858693 	 
48.099998 	 -4.070400 	 -1.334939 	 
48.200001 	 -5.806000 	 -1.680412 	 
48.299999 	 -4.623400 	 -2.157832 	 
48.400002 	 -4.783800 	 -2.703672 	 
48.500000 	 -5.284000 	 -2.959392 	 
48.599998 	 -4.682700 	 -3.383999 	 
48.700001 	 -5.743000 	 -3.813977 	 
48.799999 	 -6.175400 	 -4.102550 	 
48.900002 	 -5.236100 	 -4.319563 	 
49.000000 	 -5.426100 	 -4.404037 	 
49.099998 	 -5.895000 	 -4.808900 	 
49.200001 	 -3.661000 	 -4.794366 	 
49.299999 	 -4.440100 	 -4.883453 	 
49.400002 	 -3.314700 	 -4.846154 	 
49.500000 	 -3.814100 	 -4.863721 	 
49.599998 	 -2.666900 	 -4.770154 	 
49.700001 	 -2.050600 	 -4.519793 	 
49.799999 	 -2.188400 	 -4.357460 	 
49.900002 	 -3.015100 	 -4.239547 	 
50.000000 	 -1.614000 	 -3.994880 	 
50.099998 	 -1.843200 	 -3.805580 	 
50.200001 	 0.159280 	 -3.412095 	 
50.299999 	 -0.242080 	 -3.016540 	 
50.400002 	 -0.053134 	 -2.671009 	 
50.500000 	 1.749300 	 -2.192649 	 
50.599998 	 2.564600 	 -1.628676 	 
50.700001 	 0.939790 	 -1.321956 	 
50.799999 	 2.526100 	 -0.857543 	 
50.900002 	 3.494200 	 -0.403616 	 
51.000000 	 3.273900 	 0.068917 	 
51.099998 	 5.560500 	 0.617410 	 
51.200001 	 3.753200 	 1.004330 	 
51.299999 	 4.900100 	 1.476897 	 
51.400002 	 3.320900 	 1.899297 	 
51.500000 	 4.022100 	 2.275037 	 
51.599998 	 5.300500 	 2.751283 	 
51.700001 	 5.609800 	 3.114652 	 
51.799999 	 5.291000 	 3.483524 	 
51.900002 	 7.161600 	 3.964506 	 
52.000000 	 4.427400 	 4.143046 	 
52.099998 	 4.261700 	 4.256186 	 
52.200001 	 5.706500 	 4.573967 	 
52.299999 	 3.651000 	 4.648961 	 
52.400002 	 6.442900 	 4.845540 	 
52.500000 	 3.380300 	 4.852633 	 
52.599998 	 3.305600 	 4.702306 	 
52.700001 	 4.376900 	 4.743886 	 
52.799999 	 2.068300 	 4.555099 	 
52.900002 	 3.365200 	 4.558053 	 
53.000000 	 2.771700 	 4.474693 	 
53.099998 	 0.436810 	 4.150447 	 
53.200001 	 1.862000 	 3.900594 	 
53.299999 	 0.876110 	 3.606268 	 
53.400002 	 -0.520490 	 3.094129 	 
53.500000 	 -1.094600 	 2.725995 	 
53.599998 	 -0.939620 	 2.379241 	 
53.700001 	 -1.200400 	 1.918781 	 
53.799999 	 -2.741000 	 1.492647 	 
53.900002 	 -2.050100 	 0.926447 	 
54.000000 	 -2.917100 	 0.506621 	 
54.099998 	 -4.033400 	 0.017354 	 
54.200001 	 -4.579800 	 -0.579759 	 
54.299999 	 -4.457900 	 -1.014839 	 
54.400002 	 -4.993100 	 -1.572059 	 
54.500000 	 -3.367400 	 -1.981333 	 
54.599998 	 -5.783900 	 -2.396047 	 
54.700001 	 -4.675000 	 -2.831847 	 
54.799999 	 -4.400600 	 -3.183627 	 
54.900002 	 -5.953700 	 -3.545841 	 
55.000000 	 -4.630100 	 -3.781541 	 
55.099998 	 -5.445900 	 -4.081960 	 
55.200001 	 -5.760100 	 -4.385940 	 
55.299999 	 -6.203500 	 -4.616774 	 
55.400002 	 -5.510700 	 -4.847480 	 
55.500000 	 -2.618300 	 -4.827560 	 
55.599998 	 -5.634200 	 -4.934280 	 
55.700001 	 -4.405100 	 -4.922633 	 
55.799999 	 -4.558200 	 -4.929320 	 
55.900002 	 -2.259300 	 -4.747067 	 
56.000000 	 -3.525800 	 -4.757627 	 
56.099998 	 -2.612500 	 -4.546201 	 
56.200001 	 -0.985540 	 -4.300236 	 
56.299999 	 -0.299350 	 -4.026819 	 
56.400002 	 -1.833400 	 -3.752132 	 
56.500000 	 -0.434990 	 -3.472458 	 
56.599998 	 0.634830 	 -3.067077 	 
56.700001 	 0.743020 	 -2.633535 	 
56.799999 	 3.112300 	 -2.012482 	 
56.900002 	 3.015700 	 -1.444055 	 
57.000000 	 3.513900 	 -1.035242 	 
57.099998 	 0.565100 	 -0.621955 	 
57.200001 	 2.679600 	 -0.149642 	 
57.299999 	 3.173500 	 0.365805 	 
57.400002 	 2.674100 	 0.694698 	 
57.500000 	 3.280600 	 1.148458 	 
57.599998 	 5.065900 	 1.660351 	 
57.700001 	 3.169400 	 1.937347 	 
57.799999 	 5.917500 	 2.351804 	 
57.900002 	 6.543400 	 2.910258 	 
58.000000 	 4.977600 	 3.271097 	 
58.099998 	 6.797000 	 3.681908 	 
58.200001 	 6.590800 	 4.071760 	 
58.299999 	 4.997500 	 4.197440 	 
58.400002 	 4.404400 	 4.290020 	 
58.500000 	 5.494400 	 4.422053 	 
58.599998 	 3.769300 	 4.635666 	 
58.700001 	 4.004500 	 4.723993 	 
58.799999 	 5.086800 	 4.851547 	 
58.900002 	 2.542100 	 4.842747 	 
59.000000 	 2.486300 	 4.789794 	 
59.099998 	 3.660700 	 4.696114 	 
59.200001 	 0.516360 	 4.519244 	 
59.299999 	 2.832900 	 4.313604 	 
59.400002 	 1.335700 	 3.966424 	 
59.500000 	 0.797680 	 3.687763 	 
59.599998 	 0.296810 	 3.254417 	 
59.700001 	 -0.436420 	 2.785935 	 
59.799999 	 -0.603280 	 2.412550 	 
59.900002 	 -1.503700 	 2.018677 	 
60.000000 	 -2.312800 	 1.498197 	 
60.099998 	 -0.982290 	 1.181424 	 
60.200001 	 -2.443100 	 0.751584 	 
60.299999 	 -2.406300 	 0.252044 	 
60.400002 	 -2.693200 	 -0.096976 	 
60.500000 	 -3.793500 	 -0.515629 	 
60.599998 	 -4.305600 	 -1.046716 	 
60.700001 	 -3.802500 	 -1.334640 	 
60.799999 	 -4.781100 	 -1.842240 	 
60.900002 	 -4.159000 	 -2.208553 	 
61.000000 	 -5.919800 	 -2.656385 	 
61.099998 	 -4.906200 	 -3.003253 	 
61.200001 	 -4.871400 	 -3.298918 	 
61.299999 	 -3.616800 	 -3.499819 	 
61.400002 	 -3.203700 	 -3.613153 	 
61.500000 	 -5.084500 	 -3.797933 	 
61.599998 	 -5.387500 	 -4.091613 	 
61.700001 	 -5.571400 	 -4.300167 	 
61.799999 	 -4.866400 	 -4.464173 	 
61.900002 	 -4.011100 	 -4.552034 	 
62.000000 	 -4.942300 	 -4.628620 	 
62.099998 	 -3.818400 	 -4.596139 	 
62.200001 	 -2.402000 	 -4.502773 	 
62.299999 	 -1.110800 	 -4.258086 	 
62.400002 	 -1.110800 	 -4.054873 	 
62.500000 	 -2.263800 	 -3.811140 	 
62.599998 	 -3.148000 	 -3.693927 	 
62.700001 	 -1.055600 	 -3.439540 	 
62.799999 	 0.190050 	 -3.185750 	 
62.900002 	 0.390590 	 -2.946131 	 
63.000000 	 0.231620 	 -2.591723 	 
63.099998 	 0.761610 	 -2.181782 	 
63.200001 	 2.242500 	 -1.660855 	 
63.299999 	 3.641100 	 -1.093689 	 
63.400002 	 3.317100 	 -0.605142 	 
63.500000 	 0.907120 	 -0.215181 	 
63.599998 	 2.632800 	 0.214899 	 
63.700001 	 2.737700 	 0.557546 	 
63.799999 	 3.211500 	 0.845699 	 
63.900002 	 5.767300 	 1.304239 	 
64.000000 	 4.963100 	 1.786033 	 
64.099998 	 4.796700 	 2.315679 	 
64.199997 	 4.778300 	 2.704606 	 
64.300003 	 3.073700 	 2.896849 	 
64.400002 	 4.705400 	 3.184503 	 
64.500000 	 4.366400 	 3.460155 	 
64.599998 	 4.739400 	 3.725341 	 
64.699997 	 3.984400 	 3.841468 	 
64.800003 	 5.272500 	 3.950228 	 
64.900002 	 4.067500 	 4.000255 	 
65.000000 	 4.385600 	 4.232153 	 
65.099998 	 4.411200 	 4.350713 	 
65.199997 	 3.525800 	 4.403253 	 
65.300003 	 3.148900 	 4.399080 	 
65.400002 	 3.625100 	 4.256267 	 
65.500000 	 3.209100 	 4.139333 	 
65.599998 	 0.559750 	 3.856870 	 
65.699997 	 0.078394 	 3.543543 	 
65.800003 	 2.222000 	 3.486763 	 
65.900002 	 0.089518 	 3.179038 	 
66.000000 	 0.034930 	 2.890273 	 
66.099998 	 -0.401010 	 2.547579 	 
66.199997 	 -1.366000 	 2.190885 	 
66.300003 	 -1.472700 	 1.741206 	 
66.400002 	 -2.460600 	 1.305999 	 
66.500000 	 -1.434700 	 0.917979 	 
66.599998 	 -2.361800 	 0.466445 	 
66.699997 	 -4.079700 	 -0.040588 	 
66.800003 	 -3.014500 	 -0.451481 	 
66.900002 	 -5.309500 	 -1.047121 	 
67.000000 	 -5.443600 	 -1.623968 	 
67.099998 	 -5.716500 	 -2.042384 	 
67.199997 	 -4.912700 	 -2.375124 	 
67.300003 	 -4.352400 	 -2.813417 	 
67.400002 	 -4.022700 	 -3.087565 	 
67.500000 	 -5.569200 	 -3.461174 	 
67.599998 	 -5.797500 	 -3.820940 	 
67.699997 	 -4.765000 	 -4.047540 	 
67.800003 	 -4.197200 	 -4.229173 	 
67.900002 	 -5.825400 	 -4.453493 	 
68.000000 	 -4.903200 	 -4.684727 	 
68.099998 	 -4.166100 	 -4.805014 	 
68.199997 	 -4.407500 	 -4.826867 	 
68.300003 	 -3.875100 	 -4.884240 	 
68.400002 	 -3.800900 	 -4.783667 	 
68.500000 	 -1.248200 	 -4.503973 	 
68.599998 	 -4.281400 	 -4.408300 	 
68.699997 	 -1.913700 	 -4.208367 	 
68.800003 	 0.230240 	 -3.902858 	 
68.900002 	 -1.417000 	 -3.729144 	 
69.000000 	 -0.368560 	 -3.382435 	 
69.099998 	 -2.096200 	 -3.135681 	 
69.199997 	 -1.199300 	 -2.897968 	 
69.300003 	 -0.554430 	 -2.655117 	 
69.400002 	 2.972500 	 -2.068590 	 
69.500000 	 2.650200 	 -1.565030 	 
69.599998 	 1.808000 	 -1.166757 	 
69.699997 	 3.021300 	 -0.671503 	 
69.800003 	 5.066300 	 -0.075410 	 
69.900002 	 2.668600 	 0.355890 	 
70.000000 	 4.347100 	 0.728910 	 
70.099998 	 4.979800 	 1.346323 	 
70.199997 	 3.195800 	 1.686957 	 
70.300003 	 3.406900 	 1.898734 	 
70.400002 	 5.142300 	 2.336021 	 
70.500000 	 5.521200 	 2.728672 	 
70.599998 	 3.551700 	 3.105198 	 
70.699997 	 6.073700 	 3.590065 	 
70.800003 	 4.542900 	 3.929887 	 
70.900002 	 3.047700 	 3.934900 	 
71.000000 	 4.981200 	 4.090300 	 
71.099998 	 5.870900 	 4.361160 	 
71.199997 	 4.088600 	 4.432313 	 
71.300003 	 5.491900 	 4.460687 	 
71.400002 	 4.528900 	 4.584707 	 
71.500000 	 2.075200 	 4.433247 	 
71.599998 	 2.205700 	 4.248307 	 
71.699997 	 2.596200 	 4.208333 	 
71.800003 	 3.399500 	 4.207840 	 
71.900002 	 2.255900 	 4.015413 	 
72.000000 	 -0.128440 	 3.638771 	 
72.099998 	 2.159600 	 3.545964 	 
72.199997 	 0.475710 	 3.172765 	 
72.300003 	 0.649860 	 2.913229 	 
72.400002 	 -1.300100 	 2.623375 	 
72.500000 	 -2.217400 	 2.143469 	 
72.599998 	 -2.657500 	 1.574909 	 
72.699997 	 -1.057900 	 1.231809 	 
72.800003 	 -4.614100 	 0.558075 	 
72.900002 	 -2.976000 	 0.057749 	 
73.000000 	 -3.964500 	 -0.344898 	 
73.099998 	 -4.183600 	 -0.770851 	 
73.199997 	 -4.621700 	 -1.252045 	 
73.300003 	 -4.599100 	 -1.785285 	 
73.400002 	 -4.307500 	 -2.222844 	 
73.500000 	 -5.451500 	 -2.577715 	 
73.599998 	 -5.811300 	 -3.109108 	 
73.699997 	 -6.448500 	 -3.570723 	 
73.800003 	 -6.073200 	 -4.018927 	 
73.900002 	 -3.645100 	 -4.175260 	 
74.000000 	 -5.376100 	 -4.385840 	 
74.099998 	 -6.401600 	 -4.635447 	 
74.199997 	 -5.542800 	 -4.934440 	 
74.300003 	 -4.146200 	 -4.903246 	 
74.400002 	 -4.315100 	 -4.992520 	 
74.500000 	 -3.844100 	 -4.984494 	 
74.599998 	 -3.933000 	 -4.967786 	 
74.699997 	 -1.884300 	 -4.785293 	 
74.800003 	 -3.529000 	 -4.713953 	 
74.900002 	 -3.189400 	 -4.639413 	 
75.000000 	 -3.794000 	 -4.528913 	 
75.099998 	 -1.624400 	 -4.249787 	 
75.199997 	 -1.320700 	 -3.907933 	 
75.300003 	 0.050078 	 -3.499715 	 
75.400002 	 -0.547640 	 -3.293217 	 
75.500000 	 -0.654610 	 -2.978451 	 
75.599998 	 -0.971270 	 -2.616430 	 
75.699997 	 4.337900 	 -1.957716 	 
75.800003 	 2.337000 	 -1.525503 	 
75.900002 	 4.453000 	 -0.940963 	 
76.000000 	 3.241300 	 -0.468603 	 
76.099998 	 1.763300 	 -0.088849 	 
76.199997 	 4.588400 	 0.342664 	 
76.300003 	 3.501500 	 0.811364 	 
76.400002 	 5.428100 	 1.385864 	 
76.500000 	 5.489900 	 2.004791 	 
76.599998 	 5.330700 	 2.468464 	 
76.699997 	 5.172300 	 2.901330 	 
76.800003 	 4.724600 	 3.212965 	 
76.900002 	 6.824100 	 3.704414 	 
77.000000 	 4.864800 	 4.072375 	 
77.099998 	 3.735000 	 4.386126 	 
77.199997 	 3.603200 	 4.337146 	 
77.300003 	 4.873500 	 4.506247 	 
77.400002 	 3.722700 	 4.457560 	 
77.500000 	 2.700200 	 4.421486 	 
77.599998 	 3.699600 	 4.550573 	 
77.699997 	 4.363100 	 4.535553 	 
77.800003 	 4.335000 	 4.591120 	 
77.900002 	 2.905700 	 4.422960 	 
78.000000 	 1.840000 	 4.179633 	 
78.099998 	 1.631900 	 3.933046 	 
78.199997 	 0.183940 	 3.600489 	 
78.300003 	 1.407500 	 3.379349 	 
78.400002 	 -0.074548 	 2.919440 	 
78.500000 	 -0.438100 	 2.565913 	 
78.599998 	 -0.776150 	 2.265169 	 
78.699997 	 -1.071200 	 1.953543 	 
78.800003 	 -0.914850 	 1.567653 	 
78.900002 	 -1.814400 	 1.198513 	 
79.000000 	 -1.001400 	 0.951739 	 
79.099998 	 -3.046000 	 0.502033 	 
79.199997 	 -2.519100 	 0.043220 	 
79.300003 	 -4.570400 	 -0.550474 	 
79.400002 	 -4.992500 	 -1.077021 	 
79.500000 	 -6.009600 	 -1.600327 	 
79.599998 	 -4.897700 	 -2.035634 	 
79.699997 	 -4.641200 	 -2.357310 	 
79.800003 	 -5.017700 	 -2.785656 	 
79.900002 	 -4.536400 	 -3.083113 	 
80.000000 	 -4.694100 	 -3.366847 	 
80.099998 	 -6.068100 	 -3.719643 	 
80.199997 	 -3.369700 	 -3.872877 	 
80.300003 	 -3.836700 	 -4.067667 	 
80.400002 	 -4.085200 	 -4.219054 	 
80.500000 	 -5.003200 	 -4.485840 	 
80.599998 	 -2.967800 	 -4.480627 	 
80.699997 	 -3.478500 	 -4.544587 	 
80.800003 	 -2.696700 	 -4.419673 	 
80.900002 	 -4.269700 	 -4.371487 	 
81.000000 	 -1.937900 	 -4.100040 	 
81.099998 	 -2.939100 	 -3.969467 	 
81.199997 	 -3.030800 	 -3.862107 	 
81.300003 	 -2.871500 	 -3.719027 	 
81.400002 	 -2.111300 	 -3.557354 	 
81.500000 	 -2.510300 	 -3.411767 	 
81.599998 	 -1.014500 	 -3.074860 	 
81.699997 	 -0.866830 	 -2.908002 	 
81.800003 	 1.488700 	 -2.552975 	 
81.900002 	 2.608100 	 -2.106755 	 
82.000000 	 1.036800 	 -1.704089 	 
82.099998 	 1.894600 	 -1.379929 	 
82.199997 	 1.544900 	 -1.045035 	 
82.300003 	 3.936700 	 -0.602809 	 
82.400002 	 1.925500 	 -0.189795 	 
82.500000 	 5.023300 	 0.274285 	 
82.599998 	 4.620000 	 0.778225 	 
82.699997 	 2.348100 	 1.136818 	 
82.800003 	 3.948100 	 1.591458 	 
82.900002 	 4.285300 	 2.017898 	 
83.000000 	 5.366900 	 2.543045 	 
83.099998 	 6.181500 	 3.022778 	 
83.199997 	 4.924900 	 3.408893 	 
83.300003 	 4.421400 	 3.604407 	 
83.400002 	 2.351800 	 3.587320 	 
83.500000 	 4.235200 	 3.800546 	 
83.599998 	 5.816300 	 4.061993 	 
83.699997 	 3.769000 	 4.210267 	 
83.800003 	 4.856200 	 4.271567 	 
83.900002 	 4.367000 	 4.434333 	 
84.000000 	 2.128800 	 4.241366 	 
84.099998 	 3.069000 	 4.137967 	 
84.199997 	 3.760300 	 4.232114 	 
84.300003 	 2.979200 	 4.167520 	 
84.400002 	 2.690800 	 4.061220 	 
84.500000 	 1.637500 	 3.812593 	 
84.599998 	 0.172690 	 3.412006 	 
84.699997 	 1.085900 	 3.156072 	 
84.800003 	 0.300220 	 2.881327 	 
84.900002 	 -0.667090 	 2.680068 	 
85.000000 	 -2.420600 	 2.236348 	 
85.099998 	 -1.343600 	 1.759022 	 
85.199997 	 -2.695900 	 1.328028 	 
85.300003 	 -0.676880 	 0.959156 	 
85.400002 	 -2.270300 	 0.516669 	 
85.500000 	 -1.324300 	 0.286463 	 
85.599998 	 -3.399400 	 -0.144764 	 
85.699997 	 -4.128900 	 -0.670711 	 
85.800003 	 -4.730700 	 -1.184704 	 
85.900002 	 -4.978700 	 -1.696004 	 
86.000000 	 -5.013500 	 -2.139404 	 
86.099998 	 -3.387400 	 -2.376744 	 
86.199997 	 -6.059900 	 -2.853130 	 
86.300003 	 -4.257200 	 -3.156958 	 
86.400002 	 -5.109000 	 -3.453085 	 
86.500000 	 -3.479100 	 -3.523652 	 
86.599998 	 -6.258300 	 -3.851299 	 
86.699997 	 -4.457400 	 -3.968732 	 
86.800003 	 -5.618900 	 -4.298200 	 
86.900002 	 -4.903500 	 -4.473747 	 
87.000000 	 -4.141300 	 -4.661546 	 
87.099998 	 -4.300500 	 -4.721620 	 
87.199997 	 -3.096500 	 -4.652793 	 
87.300003 	 -3.067800 	 -4.541933 	 
87.400002 	 -2.351200 	 -4.366766 	 
87.500000 	 -3.695100 	 -4.278873 	 
87.599998 	 -2.135800 	 -4.195433 	 
87.699997 	 -1.830700 	 -3.913487 	 
87.800003 	 -0.853410 	 -3.686568 	 
87.900002 	 -0.388390 	 -3.371860 	 
88.000000 	 0.987570 	 -3.074082 	 
88.099998 	 0.795850 	 -2.603806 	 
88.199997 	 2.379100 	 -2.148039 	 
88.300003 	 2.802400 	 -1.586619 	 
88.400002 	 0.693390 	 -1.213493 	 
88.500000 	 1.389400 	 -0.844779 	 
88.599998 	 2.151000 	 -0.414679 	 
88.699997 	 3.529100 	 0.027027 	 
88.800003 	 2.499100 	 0.398154 	 
88.900002 	 4.259000 	 0.838834 	 
89.000000 	 4.690300 	 1.397861 	 
89.099998 	 4.385800 	 1.832634 	 
89.199997 	 4.300700 	 2.241394 	 
89.300003 	 6.514300 	 2.732575 	 
89.400002 	 4.676800 	 3.070254 	 
89.500000 	 5.703300 	 3.384636 	 
89.599998 	 4.446200 	 3.627992 	 
89.699997 	 6.140700 	 3.878766 	 
89.800003 	 2.916200 	 3.886353 	 
89.900002 	 4.160500 	 4.117493 	 
90.000000 	 4.473500 	 4.323100 	 
90.099998 	 2.231300 	 4.328453 	 
90.199997 	 7.027500 	 4.561680 	 
90.300003 	 3.388100 	 4.620947 	 
90.400002 	 5.461300 	 4.701100 	 
90.500000 	 3.501500 	 4.621847 	 
90.599998 	 2.319700 	 4.484107 	 
90.699997 	 0.495550 	 4.230430 	 
90.800003 	 0.976080 	 3.861215 	 
90.900002 	 1.263600 	 3.633669 	 
91.000000 	 -1.498400 	 3.153555 	 
91.099998 	 -0.538100 	 2.821269 	 
91.199997 	 0.115750 	 2.419605 	 
91.300003 	 -0.178740 	 2.213276 	 
91.400002 	 -1.571200 	 1.831163 	 
91.500000 	 -3.135000 	 1.323929 	 
91.599998 	 -3.705200 	 0.928163 	 
91.699997 	 -2.747100 	 0.276523 	 
91.800003 	 -3.043600 	 -0.152257 	 
91.900002 	 -1.778200 	 -0.634891 	 
92.000000 	 -3.443700 	 -1.097904 	 
92.099998 	 -4.152900 	 -1.529411 	 
92.199997 	 -4.335300 	 -1.851467 	 
92.300003 	 -4.902000 	 -2.243340 	 
92.400002 	 -5.438100 	 -2.690120 	 
92.500000 	 -3.981900 	 -2.855686 	 
92.599998 	 -5.165600 	 -3.164186 	 
92.699997 	 -4.742600 	 -3.488076 	 
92.800003 	 -4.628700 	 -3.784740 	 
92.900002 	 -5.752900 	 -4.063519 	 
93.000000 	 -5.759900 	 -4.238513 	 
93.099998 	 -5.106000 	 -4.331900 	 
93.199997 	 -6.506200 	 -4.582507 	 
93.300003 	 -3.469100 	 -4.610873 	 
93.400002 	 -2.955800 	 -4.689380 	 
93.500000 	 -2.066300 	 -4.597553 	 
93.599998 	 -4.611600 	 -4.628133 	 
93.699997 	 -1.435400 	 -4.434806 	 
93.800003 	 -3.647100 	 -4.351146 	 
93.900002 	 -2.353600 	 -4.145513 	 
94.000000 	 -1.446900 	 -3.976513 	 
94.099998 	 -2.435700 	 -3.794520 	 
94.199997 	 0.287740 	 -3.459164 	 
94.300003 	 0.264590 	 -3.132945 	 
94.400002 	 0.669330 	 -2.704796 	 
94.500000 	 -0.243650 	 -2.337046 	 
94.599998 	 2.216200 	 -1.848899 	 
94.699997 	 1.766600 	 -1.297379 	 
94.800003 	 4.083600 	 -0.793866 	 
94.900002 	 4.420600 	 -0.302106 	 
95.000000 	 3.288000 	 0.054847 	 
95.099998 	 3.949700 	 0.625601 	 
95.199997 	 5.260800 	 1.072014 	 
95.300003 	 5.666800 	 1.692941 	 
95.400002 	 4.671000 	 2.161248 	 
95.500000 	 7.080600 	 2.729748 	 
95.599998 	 5.715200 	 3.273141 	 
95.699997 	 6.267800 	 3.671811 	 
95.800003 	 4.537400 	 3.956665 	 
95.900002 	 3.550700 	 4.148757 	 
96.000000 	 5.998100 	 4.564874 	 
96.099998 	 5.415900 	 4.778187 	 
96.199997 	 5.356500 	 5.017514 	 
96.300003 	 3.609300 	 4.985894 	 
96.400002 	 3.567100 	 4.928994 	 
96.500000 	 4.985200 	 5.042140 	 
96.599998 	 3.139200 	 4.988107 	 
96.699997 	 4.724800 	 4.952373 	 
96.800003 	 1.994800 	 4.707573 	 
96.900002 	 4.297400 	 4.682666 	 
97.000000 	 0.163590 	 4.221533 	 
97.099998 	 -1.010900 	 3.773126 	 
97.199997 	 1.150900 	 3.431999 	 
97.300003 	 2.269600 	 3.280813 	 
97.400002 	 0.974500 	 3.109066 	 
97.500000 	 0.563770 	 2.746777 	 
97.599998 	 -1.267200 	 2.301238 	 
97.699997 	 -1.333200 	 1.855257 	 
97.800003 	 -1.704500 	 1.501004 	 
97.900002 	 -3.678800 	 1.017944 	 
98.000000 	 -1.246100 	 0.602524 	 
98.099998 	 -3.641200 	 0.150497 	 
98.199997 	 -3.157600 	 -0.374996 	 
98.300003 	 -4.297400 	 -0.794476 	 
98.400002 	 -2.379700 	 -1.239616 	 
98.500000 	 -2.950800 	 -1.447242 	 
98.599998 	 -3.959700 	 -1.643829 	 
98.699997 	 -5.225100 	 -2.068895 	 
98.800003 	 -6.214100 	 -2.634475 	 
98.900002 	 -4.689600 	 -3.012082 	 
99.000000 	 -3.862300 	 -3.307153 	 
99.099998 	 -5.086300 	 -3.561760 	 
99.199997 	 -6.314400 	 -3.893840 	 
99.300003 	 -2.694100 	 -3.959813 	 
99.400002 	 -5.776500 	 -4.099660 	 
99.500000 	 -2.695200 	 -4.196267 	 
99.599998 	 -3.246800 	 -4.169973 	 
99.699997 	 -3.434900 	 -4.188460 	 
99.800003 	 -3.223300 	 -4.116853 	 
99.900002 	 -2.541900 	 -4.127667 	 
100.000000 	 -2.949300 	 -4.127567 	 
